PDE 2015  8 12 18 49 23.50  -9.3200  157.9300   5.0 0.0 6.4 SOLOMON ISLANDS                         
event name:     201508121849A  
time shift:      6.0700
half duration:   4.3000
latitude:       -9.3200
longitude:     157.7600
depth:          13.0200
Mrr:       4.960000e+24
Mtt:       1.360000e+25
Mpp:      -1.850000e+25
Mrt:      -8.090000e+24
Mrp:       2.000000e+24
Mtp:       6.650000e+25
