PDE 2012 11 12 20 42 14.60  57.7900 -142.8500   9.0 6.0 6.3 GULF OF ALASKA                          
event name:     201211122042A  
time shift:      2.3500
half duration:   3.6000
latitude:       57.7000
longitude:    -142.9700
depth:          15.9800
Mrr:      -4.560000e+24
Mtt:      -2.730000e+24
Mpp:       7.290000e+24
Mrt:      -1.560000e+25
Mrp:      -1.210000e+25
Mtp:       3.590000e+25
