PDE 2012  4  2 17 36 42.10  16.4000  -98.3200   9.0 5.8 6.0 NEAR COAST OF GUERRERO,                 
event name:     201204021736A  
time shift:      3.8400
half duration:   2.6000
latitude:       16.5800
longitude:     -98.3500
depth:          12.0000
Mrr:      -1.310000e+25
Mtt:       1.400000e+25
Mpp:      -9.190000e+23
Mrt:       6.840000e+24
Mrp:      -6.220000e+23
Mtp:       1.460000e+23
