PDE 2012  4 11 10 43 10.90   0.8000   92.4600  25.1 7.2 8.2 OFF W COAST OF NORTHERN                 
event name:     201204111043A  
time shift:     27.3400
half duration:  32.2000
latitude:        0.9000
longitude:      92.3100
depth:          54.6700
Mrr:       5.530000e+27
Mtt:      -1.900000e+28
Mpp:       1.350000e+28
Mrt:      -3.360000e+27
Mrp:      -2.890000e+27
Mtp:      -2.360000e+28
