PDE 2008  7 24  1 43 16.10  50.9700  157.5800  27.0 6.0 6.2 KURIL ISLANDS                           
event name:     200807240143A  
time shift:      6.6200
half duration:   3.1000
latitude:       50.7100
longitude:     158.1500
depth:          41.9600
Mrr:       2.250000e+25
Mtt:      -8.520000e+24
Mpp:      -1.390000e+25
Mrt:       8.600000e+24
Mrp:       5.990000e+24
Mtp:      -1.340000e+25
