PDE 2008  4 16  5 54 19.70  51.8800 -179.1600  13.0 6.1 6.6 ANDREANOF ISLANDS, ALEUT                
event name:     200804160554A  
time shift:      5.0100
half duration:   4.8000
latitude:       51.8100
longitude:    -179.1700
depth:          12.0000
Mrr:      -1.140000e+25
Mtt:       6.540000e+25
Mpp:      -5.400000e+25
Mrt:       2.210000e+25
Mrp:      -2.190000e+25
Mtp:      -7.180000e+25
