PDE 2008 10 28 23  9 57.70  30.6400   67.3500  15.0 6.3 6.6 PAKISTAN                                
event name:     200810282309A  
time shift:      4.2700
half duration:   3.9000
latitude:       30.4000
longitude:      67.4800
depth:          17.1700
Mrr:       8.960000e+24
Mtt:      -5.010000e+25
Mpp:       4.110000e+25
Mrt:       4.240000e+24
Mrp:       1.380000e+25
Mtp:      -1.590000e+25
