PDE 2008  7  3  3  2 37.60 -23.3700 -179.7800 581.2 5.6 6.2 SOUTH OF FIJI ISLANDS                   
event name:     200807030302A  
time shift:      3.7300
half duration:   3.2000
latitude:      -23.4100
longitude:    -179.6900
depth:         589.8800
Mrr:      -1.270000e+25
Mtt:       2.790000e+25
Mpp:      -1.520000e+25
Mrt:       1.600000e+25
Mrp:       4.760000e+24
Mtp:      -3.780000e+24
