PDE 2011  4 30  8 19 16.30   6.8800  -82.3500   8.0 5.8 6.2 SOUTH OF PANAMA                         
event name:     201104300819A  
time shift:      6.5100
half duration:   3.0000
latitude:        6.8800
longitude:     -82.3900
depth:          20.5800
Mrr:      -1.280000e+24
Mtt:       4.750000e+24
Mpp:      -3.460000e+24
Mrt:       2.790000e+24
Mrp:      -1.950000e+23
Mtp:       2.310000e+25
