 PDEW2009  5 23  4 47 37.30  36.4000   21.7000  13.0 4.6 4.5 SOUTHERN GREECE                         
event name:     200905230447A  
time shift:      5.5800
half duration:   0.7000
latitude:       36.3600
longitude:      21.5200
depth:          22.6900
Mrr:       1.320000e+23
Mtt:      -1.380000e+23
Mpp:       6.790000e+21
Mrt:       8.190001e+22
Mrp:      -2.080000e+22
Mtp:       2.310000e+23

