PDE 2014  7 29 13 27 40.10  -3.4200  146.7700   9.8 0.0 6.0 BISMARCK SEA                            
event name:     201407291327A  
time shift:      7.4900
half duration:   2.6000
latitude:       -3.3400
longitude:     146.7200
depth:          12.0000
Mrr:       2.820000e+23
Mtt:      -4.220000e+24
Mpp:       3.940000e+24
Mrt:       4.030000e+22
Mrp:      -1.340000e+24
Mtp:       1.370000e+25
