PDE 2011  6 20 16 36  1.20 -21.7000  -68.2300 128.0 6.0 6.5 CHILE-BOLIVIA BORDER REG                
event name:     201106201635A  
time shift:      5.1800
half duration:   4.5000
latitude:      -21.8900
longitude:     -68.6300
depth:         131.3700
Mrr:      -3.000000e+24
Mtt:      -3.550000e+24
Mpp:       6.550000e+24
Mrt:      -1.950000e+23
Mrp:      -7.580000e+25
Mtp:       1.500000e+25
