 PDEW2007  3 25 13 57 58.20  38.3400   20.4200  15.0 5.3 5.8 GREECE                                  
event name:     200703251357A  
time shift:      6.0300
half duration:   1.8000
latitude:       38.3600
longitude:      20.2400
depth:          12.0000
Mrr:       2.010000e+24
Mtt:       3.230000e+24
Mpp:      -5.240000e+24
Mrt:       1.350000e+24
Mrp:      -6.730000e+23
Mtp:       1.880000e+24

