PDE 2010  2 13  2 34 28.90 -21.9000 -174.7800  11.0 6.0 6.2 TONGA ISLANDS                           
event name:     201002130234A  
time shift:      3.9500
half duration:   2.5000
latitude:      -22.1900
longitude:    -174.0600
depth:          19.9700
Mrr:       8.140000e+24
Mtt:      -1.980000e+24
Mpp:      -6.160001e+24
Mrt:       4.610000e+24
Mrp:       9.640000e+24
Mtp:      -4.960000e+24
