PDE 2008  9  8  3  3 15.90 -19.9600  169.1100  36.0 6.0 6.2 VANUATU ISLANDS                         
event name:     200809080303A  
time shift:      4.9900
half duration:   3.0000
latitude:      -19.9700
longitude:     168.8100
depth:          47.5200
Mrr:       2.070000e+25
Mtt:       3.680000e+24
Mpp:      -2.440000e+25
Mrt:      -5.410000e+24
Mrp:      -2.140000e+24
Mtp:       2.490000e+24
