PDE 2011 10 14  6 10 14.60  54.0800  123.7200  12.0 5.7 6.1 SOUTHEASTERN SIBERIA, RU                
event name:     201110140610A  
time shift:      1.4100
half duration:   2.5000
latitude:       54.1700
longitude:     123.7700
depth:          21.8300
Mrr:      -1.190000e+24
Mtt:       5.920000e+24
Mpp:      -4.730000e+24
Mrt:       1.800000e+23
Mrp:      -1.810000e+24
Mtp:       1.260000e+25
