PDE 2010 10  8  3 49 10.70  51.2900 -175.1800  27.7 6.0 6.0 ANDREANOF ISLANDS, ALEUT                
event name:     201010080349A  
time shift:      1.9800
half duration:   2.5000
latitude:       51.2400
longitude:    -175.3200
depth:          17.8500
Mrr:       8.290001e+24
Mtt:      -7.470000e+24
Mpp:      -8.250000e+23
Mrt:       8.580000e+24
Mrp:       4.760000e+24
Mtp:      -2.590000e+24
