PDE 2009  4  1  3 54 58.80  -3.5200  144.1000  10.0 5.9 6.5 NEAR N COAST OF NEW GUIN                
event name:     200904010355A  
time shift:      7.7100
half duration:   3.9000
latitude:       -3.3600
longitude:     144.2200
depth:          12.0000
Mrr:      -2.510000e+23
Mtt:       1.020000e+24
Mpp:      -7.670000e+23
Mrt:      -6.100000e+24
Mrp:       4.270000e+24
Mtp:       5.010000e+25
