 PDEW2012  4 26 22  5 33.90  39.1200   29.0800   8.0 4.6 4.9 TURKEY                                  
event name:     201204262205A  
time shift:      0.7500
half duration:   0.6000
latitude:       39.0900
longitude:      29.2500
depth:          13.5600
Mrr:      -1.880000e+23
Mtt:       2.010000e+23
Mpp:      -1.270000e+22
Mrt:       3.630000e+22
Mrp:      -7.730000e+22
Mtp:      -2.660000e+22

