PDE 2009 11  3  5 25  8.10  37.5000   20.4900  10.0 5.5 5.8 IONIAN SEA                              
event name:     200911030525A  
time shift:      5.5200
half duration:   2.0000
latitude:       37.3500
longitude:      20.1900
depth:          15.4900
Mrr:       2.180000e+24
Mtt:      -8.110000e+23
Mpp:      -1.370000e+24
Mrt:       4.140000e+24
Mrp:      -4.480000e+24
Mtp:       1.410000e+24
