PDE 2012  5 20 13 18  2.30  44.7900   11.4300   9.0 5.1 5.1 NORTHERN ITALY                          
event name:     201205201318A  
time shift:      1.7900
half duration:   0.9000
latitude:       44.8100
longitude:      11.4900
depth:          12.0000
Mrr:       6.160000e+23
Mtt:      -5.200000e+23
Mpp:      -9.590000e+22
Mrt:      -2.380000e+23
Mrp:       3.080000e+23
Mtp:       2.260000e+23
