PDE 2011 12 13  7 52 11.90   0.0400  123.0300 161.0 6.3 6.0 MINAHASSA PENINSULA, SUL                
event name:     201112130752A  
time shift:      0.6000
half duration:   2.6000
latitude:        0.0100
longitude:     123.1400
depth:         164.3800
Mrr:       1.290000e+25
Mtt:      -1.230000e+25
Mpp:      -5.460000e+23
Mrt:       7.580000e+24
Mrp:       2.270000e+24
Mtp:       3.950000e+24
