 PDEW2010  1 17 20 16  4.10  35.2600   27.8600  29.0 4.9 5.0 DODECANESE ISLANDS, GREE                
event name:     201001172016A  
time shift:      3.3800
half duration:   0.7000
latitude:       35.2500
longitude:      27.6900
depth:          22.0100
Mrr:      -3.250000e+22
Mtt:      -2.240000e+23
Mpp:       2.560000e+23
Mrt:       1.090000e+23
Mrp:      -1.920000e+22
Mtp:       5.290000e+22

