PDE 2011  1 13 16 16 41.50 -20.6300  168.4700   9.0 6.6 7.1 LOYALTY ISLANDS                         
event name:     201101131616A  
time shift:      9.7400
half duration:   7.2000
latitude:      -20.6800
longitude:     168.3400
depth:          17.1900
Mrr:      -2.980000e+26
Mtt:       4.490000e+25
Mpp:       2.530000e+26
Mrt:      -6.320000e+25
Mrp:       5.770000e+25
Mtp:      -1.270000e+26
