PDE 2008 10 19  5 10 33.90 -21.8600 -173.8200  29.0 6.8 7.0 TONGA ISLANDS                           
event name:     200810190510A  
time shift:      6.5900
half duration:   6.9000
latitude:      -21.8200
longitude:    -173.5600
depth:          43.3400
Mrr:       2.750000e+26
Mtt:      -3.000000e+24
Mpp:      -2.720000e+26
Mrt:       3.150000e+25
Mrp:       5.430000e+24
Mtp:      -7.720000e+25
