 PDEW2008  2 26 10 46  7.30  35.9100   21.8700   5.0 4.8 5.4 CENTRAL MEDITERRANEAN SE                
event name:     200802261046A  
time shift:      9.0000
half duration:   1.2000
latitude:       36.1000
longitude:      21.8600
depth:          12.4500
Mrr:       1.160000e+24
Mtt:      -1.120000e+24
Mpp:      -3.730000e+22
Mrt:       4.410000e+23
Mrp:      -4.080000e+23
Mtp:       7.420000e+23

