PDE 2014  4 19  1  4  3.80  -6.6600  155.0900  29.0 0.0 6.6 SOLOMON ISLANDS                         
event name:     201404190104A  
time shift:      6.2700
half duration:   4.8000
latitude:       -6.9200
longitude:     154.9900
depth:          35.8500
Mrr:       8.770000e+25
Mtt:      -5.490000e+25
Mpp:      -3.280000e+25
Mrt:       2.710000e+25
Mrp:      -2.910000e+25
Mtp:       4.510000e+25
