PDE 2011  2 25 13  7 26.50  17.8400  -95.0100 122.7 5.7 6.0 OAXACA, MEXICO                          
event name:     201102251307A  
time shift:      2.2400
half duration:   2.4000
latitude:       17.9800
longitude:     -95.2000
depth:         128.4400
Mrr:      -1.060000e+25
Mtt:       1.430000e+24
Mpp:       9.120000e+24
Mrt:       3.240000e+24
Mrp:      -4.860000e+23
Mtp:      -5.660000e+24
