PDE 2014  4 12 20 14 39.30 -11.2700  162.1500  22.6 0.0 7.6 SOLOMON ISLANDS                         
event name:     201404122014A  
time shift:     10.5600
half duration:  15.6000
latitude:      -11.3500
longitude:     162.2400
depth:          27.3200
Mrr:       2.610000e+26
Mtt:       1.660000e+27
Mpp:      -1.930000e+27
Mrt:       2.240000e+27
Mrp:       7.410001e+26
Mtp:       1.760000e+27
