PDE 2008  3 14 22 32  9.60  26.9900  142.6000  11.0 5.7 6.0 BONIN ISLANDS, JAPAN REG                
event name:     200803142232A  
time shift:      2.8900
half duration:   2.4000
latitude:       26.8800
longitude:     143.0000
depth:          13.1300
Mrr:       8.980000e+24
Mtt:       1.080000e+24
Mpp:      -1.010000e+25
Mrt:       4.900000e+23
Mrp:       7.110000e+24
Mtp:       5.060000e+23
