PDE 2010  1  5 13 11 42.80  -9.0500  157.8900  35.0 5.6 6.0 SOLOMON ISLANDS                         
event name:     201001051311A  
time shift:     -0.1500
half duration:   2.5000
latitude:       -9.1800
longitude:     157.7700
depth:          16.5700
Mrr:       9.180000e+24
Mtt:      -5.940000e+24
Mpp:      -3.240000e+24
Mrt:       4.510000e+24
Mrp:      -8.430000e+24
Mtp:       3.750000e+24
