PDE 2009  7 15 20 10 42.70  -3.3800  150.5100  13.4 5.6 6.1 NEW IRELAND REGION, P.N.                
event name:     200907152010A  
time shift:      4.1000
half duration:   2.9000
latitude:       -3.3100
longitude:     150.6100
depth:          12.0000
Mrr:       7.980000e+22
Mtt:       1.210000e+25
Mpp:      -1.220000e+25
Mrt:      -8.560000e+23
Mrp:      -1.660000e+24
Mtp:       1.710000e+25
