PDE 2015  2 18  9 32 26.80 -10.7600  164.1200  10.0 0.0 6.1 SANTA CRUZ ISLANDS REGIO                
event name:     201502180932A  
time shift:      5.0700
half duration:   2.7000
latitude:      -10.6500
longitude:     164.0800
depth:          15.7800
Mrr:       8.710000e+23
Mtt:       2.200000e+24
Mpp:      -3.080000e+24
Mrt:       1.560000e+23
Mrp:      -1.010000e+24
Mtp:       1.600000e+25
