PDE 2014 12  6 17 21 49.10   8.0100  -82.7000  14.0 0.0 6.0 PANAMA-COSTA RICA BORDER                
event name:     201412061721A  
time shift:      6.7500
half duration:   2.5000
latitude:        7.9400
longitude:     -82.6700
depth:          18.0200
Mrr:       1.030000e+25
Mtt:      -6.770000e+24
Mpp:      -3.500000e+24
Mrt:       6.420000e+24
Mrp:      -5.110000e+24
Mtp:       5.620000e+24
