 PDEW2014  2  1 16 33 38.50  38.1700   20.3700  11.0 0.0 4.9 GREECE                                  
event name:     201402011633A  
time shift:      2.5900
half duration:   0.7000
latitude:       38.0500
longitude:      20.3700
depth:          16.7600
Mrr:       8.749999e+22
Mtt:       1.260000e+23
Mpp:      -2.130000e+23
Mrt:       1.950000e+22
Mrp:       1.080000e+23
Mtp:       2.120000e+23

