PDE 2009 10 22 19 51 27.50  36.5200   70.9500 185.9 6.1 6.2 HINDU KUSH REGION, AFGHA                
event name:     200910221951A  
time shift:      1.4300
half duration:   2.9000
latitude:       36.5100
longitude:      70.8200
depth:         181.4900
Mrr:       2.170000e+25
Mtt:      -1.820000e+25
Mpp:      -3.510000e+24
Mrt:      -2.150000e+24
Mrp:      -3.140000e+24
Mtp:      -3.370000e+24
