PDE 2014 10  1  3 38 54.50  -6.0400  149.4900  57.7 0.0 5.7 NEW BRITAIN REGION, P.N.                
event name:     201410010338A  
time shift:      2.9400
half duration:   2.4000
latitude:       -6.2800
longitude:     149.6500
depth:          50.8300
Mrr:       1.050000e+25
Mtt:      -1.250000e+25
Mpp:       2.030000e+24
Mrt:       1.250000e+24
Mrp:      -7.720000e+23
Mtp:      -2.380000e+23
