PDE 2011 12 11  1 47 25.90  17.8400  -99.9600  54.2 6.2 6.5 GUERRERO, MEXICO                        
event name:     201112110147A  
time shift:      2.5500
half duration:   4.1000
latitude:       17.8900
longitude:     -99.8400
depth:          55.3100
Mrr:      -5.610000e+25
Mtt:       5.370000e+25
Mpp:       2.400000e+24
Mrt:      -2.350000e+25
Mrp:       7.130000e+23
Mtp:      -1.020000e+25
