PDE 2008  6 15  8 37 17.20 -36.6200 -107.4500  10.0 5.5 6.0 SOUTHERN EAST PACIFIC RI                
event name:     200806150837A  
time shift:      6.4300
half duration:   2.5000
latitude:      -36.6200
longitude:    -107.6700
depth:          22.4100
Mrr:      -5.490000e+23
Mtt:       5.900000e+24
Mpp:      -5.350000e+24
Mrt:       1.260000e+24
Mrp:      -1.670000e+24
Mtp:      -1.170000e+25
