PDE 2011 10 23 18 10 45.20  38.7100   43.3400   5.0 5.1 5.0 TURKEY                                  
event name:     201110231810A  
time shift:     -0.1100
half duration:   0.9000
latitude:       38.5200
longitude:      43.0700
depth:          20.8900
Mrr:       6.540000e+23
Mtt:      -6.380000e+23
Mpp:      -1.570000e+22
Mrt:      -6.360000e+21
Mrp:      -2.560000e+22
Mtp:       8.460000e+22
