PDE 2015  2 27 13 45  5.40  -7.3000  122.5400 552.1 0.0 7.0 FLORES SEA                              
event name:     201502271345A  
time shift:      3.5500
half duration:   7.5000
latitude:       -7.3500
longitude:     122.5000
depth:         551.5400
Mrr:      -7.200000e+25
Mtt:      -2.340000e+26
Mpp:       3.060000e+26
Mrt:      -2.050000e+26
Mrp:       1.070000e+26
Mtp:      -1.720000e+25
