PDE 2011  3 20  8 26 10.70  19.0000  121.2400  35.0 5.9 6.0 LUZON, PHILIPPINES                      
event name:     201103200826A  
time shift:      1.1400
half duration:   2.3000
latitude:       19.1600
longitude:     120.9900
depth:          50.2600
Mrr:       9.490001e+24
Mtt:      -2.360000e+24
Mpp:      -7.130000e+24
Mrt:      -1.540000e+24
Mrp:      -4.140000e+24
Mtp:      -4.920000e+24
