 PDEW2007 10 27  5 29 39.00  37.7200   21.3000  16.0 4.8 5.5 SOUTHERN GREECE                         
event name:     200710270529A  
time shift:      4.9200
half duration:   0.9000
latitude:       37.7000
longitude:      21.3300
depth:          27.5300
Mrr:      -9.970000e+22
Mtt:       5.150000e+23
Mpp:      -4.150000e+23
Mrt:      -3.550000e+22
Mrp:      -1.870000e+23
Mtp:       2.930000e+23

