PDE 2008  2 25 18  6  3.90  -2.3300   99.8900  25.0 6.0 6.4 SOUTHERN SUMATRA, INDONE                
event name:     200802251806A  
time shift:      4.6000
half duration:   5.7000
latitude:       -2.5800
longitude:      99.7300
depth:          15.0000
Mrr:       2.100000e+25
Mtt:      -1.240000e+25
Mpp:      -8.670000e+24
Mrt:       8.130000e+25
Mrp:      -5.750000e+25
Mtp:       1.300000e+25
