PDE 2010  1  3 21 48  5.30  -8.7400  157.4800  26.0 6.0 6.6 SOLOMON ISLANDS                         
event name:     201001032148A  
time shift:     11.3700
half duration:   5.1000
latitude:       -9.1200
longitude:     157.4500
depth:          12.0000
Mrr:       7.240000e+25
Mtt:      -3.250000e+25
Mpp:      -3.980000e+25
Mrt:       6.160000e+25
Mrp:      -5.820000e+25
Mtp:       3.690000e+25
