PDE 2012 10  5  0 15 41.70  17.5000  -46.4500  10.0 5.1 5.4 NORTHERN MID-ATLANTIC RI                
event name:     201210050015A  
time shift:      2.5200
half duration:   1.2000
latitude:       17.6300
longitude:     -46.4500
depth:          12.0000
Mrr:      -1.350000e+24
Mtt:      -5.570000e+22
Mpp:       1.410000e+24
Mrt:      -2.840000e+23
Mrp:      -1.600000e+23
Mtp:       4.590000e+22
