PDE 2009  4 26  0  6 53.20 -30.3000 -178.5800 131.7 5.5 6.1 KERMADEC ISLANDS, NEW ZE                
event name:     200904260006A  
time shift:      5.1100
half duration:   2.7000
latitude:      -30.1900
longitude:    -178.2400
depth:         151.9400
Mrr:       8.930001e+23
Mtt:      -2.060000e+24
Mpp:       1.170000e+24
Mrt:       4.390000e+24
Mrp:       1.700000e+25
Mtp:      -2.680000e+24
