PDE 2012  4 11 22 41 46.00  43.5800 -127.6400   8.0 5.8 6.0 OFF COAST OF OREGON                     
event name:     201204112241A  
time shift:      2.5100
half duration:   2.4000
latitude:       43.4000
longitude:    -127.9200
depth:          19.6000
Mrr:      -6.800000e+23
Mtt:      -6.420000e+24
Mpp:       7.100000e+24
Mrt:      -5.640000e+24
Mrp:       1.050000e+24
Mtp:      -7.870000e+24
