PDE 2011  3  9 18 16 16.40  38.3100  142.4300  22.0 5.8 6.0 NEAR EAST COAST OF HONSH                
event name:     201103091816A  
time shift:      2.5400
half duration:   2.6000
latitude:       38.3300
longitude:     142.8000
depth:          28.6400
Mrr:       9.460000e+24
Mtt:      -4.930000e+23
Mpp:      -8.970000e+24
Mrt:       5.060000e+24
Mrp:       1.150000e+25
Mtp:      -2.900000e+24
