PDE 2014 11 21 10 10 19.80   2.2800  127.0600  38.1 0.0 6.5 NORTHERN MOLUCCA SEA                    
event name:     201411211010A  
time shift:      5.4300
half duration:   4.6000
latitude:        2.5900
longitude:     127.1000
depth:          30.3500
Mrr:       7.300000e+25
Mtt:      -2.510000e+24
Mpp:      -7.050000e+25
Mrt:      -2.790000e+25
Mrp:       1.110000e+25
Mtp:       3.250000e+25
