PDE 2011  8 20 17 13  6.40 -18.3100  168.1600  35.0 5.9 6.5 VANUATU ISLANDS                         
event name:     201108201713A  
time shift:      8.4500
half duration:   4.6000
latitude:      -18.3100
longitude:     167.8800
depth:          33.5800
Mrr:       7.110000e+25
Mtt:      -1.230000e+24
Mpp:      -6.990000e+25
Mrt:       8.880000e+24
Mrp:      -3.600000e+25
Mtp:       2.140000e+25
