PDE 2015  6 16  6 17  1.20 -20.3900 -179.0000 656.0 0.0 5.9 FIJI ISLANDS REGION                     
event name:     201506160616A  
time shift:      3.6300
half duration:   2.5000
latitude:      -20.4200
longitude:    -178.9300
depth:         664.5300
Mrr:       1.960000e+24
Mtt:      -1.490000e+24
Mpp:      -4.720000e+23
Mrt:      -1.640000e+24
Mrp:      -1.180000e+25
Mtp:      -4.080000e+24
