PDE 2009  8  2  8 54 35.50  -0.4700  132.9000  35.0 5.8 6.1 IRIAN JAYA REGION, INDON                
event name:     200908020854A  
time shift:      1.7500
half duration:   2.6000
latitude:       -0.4200
longitude:     132.9200
depth:          28.3100
Mrr:       1.310000e+25
Mtt:      -1.180000e+25
Mpp:      -1.260000e+24
Mrt:      -2.100000e+24
Mrp:      -2.920000e+24
Mtp:       7.290000e+24
