 PDEW2015  3 21 22 55 57.70  35.6800    5.6800  10.0 0.0 4.8 NORTHERN ALGERIA                        
event name:     201503212255A  
time shift:     -0.5900
half duration:   0.8000
latitude:       35.7000
longitude:       5.5700
depth:          13.2200
Mrr:      -2.360000e+22
Mtt:      -2.000000e+23
Mpp:       2.230000e+23
Mrt:      -4.280000e+22
Mrp:      -1.250000e+23
Mtp:      -3.220000e+23

