PDE 2012 11  8  2  1 50.60  49.2300 -128.4800  13.7 5.9 6.1 VANCOUVER ISLAND, CANADA                
event name:     201211080201A  
time shift:      0.2200
half duration:   2.9000
latitude:       48.9000
longitude:    -128.8500
depth:          12.0000
Mrr:      -1.490000e+24
Mtt:      -1.920000e+25
Mpp:       2.070000e+25
Mrt:      -5.330000e+24
Mrp:      -3.870000e+24
Mtp:      -3.930000e+24
