PDE 2008  3  3  2 37 27.10  -2.1800   99.8200  25.0 5.8 6.1 SOUTHERN SUMATRA, INDONE                
event name:     200803030237A  
time shift:      4.8100
half duration:   3.2000
latitude:       -2.4200
longitude:      99.6800
depth:          23.0000
Mrr:       1.040000e+25
Mtt:      -6.500000e+24
Mpp:      -3.920000e+24
Mrt:       1.660000e+25
Mrp:      -8.280000e+24
Mtp:       6.430000e+24
