PDE 2008  5 12 11 11  2.50  31.2100  103.6200  10.0 5.7 6.1 SICHUAN, CHINA                          
event name:     200805121111A  
time shift:      2.6800
half duration:   2.7000
latitude:       31.3100
longitude:     103.6200
depth:          14.9400
Mrr:      -5.600000e+24
Mtt:       1.390000e+25
Mpp:      -8.300000e+24
Mrt:      -3.510000e+24
Mrp:       2.050000e+24
Mtp:       1.120000e+25
