PDE 2014 12  7  1 22  0.70  -6.5400  154.4600  10.0 0.0 6.8 SOLOMON ISLANDS                         
event name:     201412070122A  
time shift:      7.2600
half duration:   4.4000
latitude:       -6.6200
longitude:     154.4600
depth:          14.5800
Mrr:       5.320000e+25
Mtt:      -1.550000e+25
Mpp:      -3.760000e+25
Mrt:       3.400000e+25
Mrp:      -3.460000e+25
Mtp:       3.040000e+25
