PDE 2012  3 26 10 35 34.70  39.1600   42.3400  10.0 5.2 5.0 TURKEY                                  
event name:     201203261035A  
time shift:      0.4700
half duration:   1.0000
latitude:       39.1500
longitude:      42.2000
depth:          19.4700
Mrr:       7.410001e+23
Mtt:      -7.490000e+23
Mpp:       8.670000e+21
Mrt:      -1.620000e+22
Mrp:      -4.030000e+22
Mtp:      -1.560000e+23
