PDE 2012  4 17  7 13 49.00  -5.4600  147.1200 198.0 6.5 6.8 EASTERN NEW GUINEA REG.,                
event name:     201204170713A  
time shift:      7.0000
half duration:   6.5000
latitude:       -5.6600
longitude:     147.1600
depth:         208.6400
Mrr:       1.850000e+26
Mtt:      -2.270000e+26
Mpp:       4.250000e+25
Mrt:       3.870000e+25
Mrp:      -9.340000e+25
Mtp:       7.010000e+25
