 PDEW2009  9  7 21 26 32.00  38.6000   14.0700  19.9 4.9 4.8 SICILY, ITALY                           
event name:     200909072126A  
time shift:      5.5500
half duration:   0.6000
latitude:       38.7300
longitude:      13.9800
depth:          17.5000
Mrr:       2.020000e+23
Mtt:      -1.950000e+23
Mpp:      -6.940000e+21
Mrt:      -6.780000e+22
Mrp:       5.100000e+22
Mtp:      -4.320000e+22

