 PDEW2008  3  1  7 43 13.00  44.0600   11.2500   3.8 4.8 4.6 NORTHERN ITALY                          
event name:     200803010743A  
time shift:      3.2100
half duration:   0.6000
latitude:       44.0100
longitude:      11.2900
depth:          12.0000
Mrr:      -1.500000e+23
Mtt:       1.240000e+23
Mpp:       2.630000e+22
Mrt:      -2.360000e+22
Mrp:      -8.440000e+22
Mtp:      -6.260000e+22

