PDE 2014  7  2  5 53 29.20 -62.3000  155.1900  10.0 0.0 6.0 BALLENY ISLANDS REGION                  
event name:     201407020553A  
time shift:      5.7600
half duration:   2.5000
latitude:      -62.3100
longitude:     154.9900
depth:          12.0000
Mrr:       3.740000e+23
Mtt:       1.110000e+25
Mpp:      -1.150000e+25
Mrt:      -1.760000e+24
Mrp:      -1.420000e+24
Mtp:      -7.710000e+24
