PDE 2012  9 25 23 45 24.90  24.6700 -110.1700  10.0 5.9 6.3 BAJA CALIFORNIA, MEXICO                 
event name:     201209252345A  
time shift:      2.4700
half duration:   3.3000
latitude:       24.9200
longitude:    -110.2900
depth:          12.0200
Mrr:      -2.470000e+25
Mtt:      -6.340000e+24
Mpp:       3.100000e+25
Mrt:       1.010000e+25
Mrp:      -4.110000e+24
Mtp:      -8.800001e+24
