 PDEW2012 10 26 23 16 45.30  38.9600   22.8900  17.0 4.5 4.6 GREECE                                  
event name:     201210262316A  
time shift:      1.0700
half duration:   0.6000
latitude:       38.8100
longitude:      23.0300
depth:          29.2300
Mrr:      -2.270000e+23
Mtt:       1.830000e+23
Mpp:       4.400000e+22
Mrt:       1.870000e+22
Mrp:      -9.630000e+21
Mtp:      -1.180000e+22

