PDE 2009  8 28  1 52  6.60  37.7000   95.7200  13.0 6.2 6.2 QINGHAI, CHINA                          
event name:     200908280152A  
time shift:      6.1100
half duration:   3.3000
latitude:       37.6400
longitude:      95.7600
depth:          12.0000
Mrr:       2.340000e+25
Mtt:      -2.640000e+25
Mpp:       2.950000e+24
Mrt:       1.490000e+25
Mrp:      -1.820000e+24
Mtp:       9.750000e+24
