PDE 2013  2  9 14 16  7.90   1.1300  -77.3900 145.0 6.7 6.9 COLOMBIA                                
event name:     201302091416A  
time shift:      6.6300
half duration:   7.5000
latitude:        1.1600
longitude:     -77.4000
depth:         152.2900
Mrr:      -1.240000e+25
Mtt:      -7.320000e+25
Mpp:       8.560000e+25
Mrt:      -9.660000e+25
Mrp:      -1.070000e+26
Mtp:       3.300000e+26
