PDE 2012 10  4 23 14 56.40  17.4400  -46.5000  10.0 5.3 5.5 NORTHERN MID-ATLANTIC RI                
event name:     201210042314A  
time shift:      2.1700
half duration:   1.3000
latitude:       17.6800
longitude:     -46.4700
depth:          12.0000
Mrr:      -1.810000e+24
Mtt:      -1.220000e+23
Mpp:       1.930000e+24
Mrt:      -2.510000e+23
Mrp:      -1.070000e+23
Mtp:       4.550000e+22
