PDE 2009  9 24  7 16 19.80  18.8200 -107.3500  10.0 5.8 6.3 OFF COAST OF JALISCO, ME                
event name:     200909240716A  
time shift:      4.8500
half duration:   3.7000
latitude:       18.9000
longitude:    -107.5000
depth:          13.9200
Mrr:       4.980000e+24
Mtt:      -3.060000e+25
Mpp:       2.560000e+25
Mrt:      -1.190000e+24
Mrp:       2.480000e+24
Mtp:      -3.500000e+25
