PDE 2012  7  8 11 33  2.90  45.5000  151.2900  20.0 5.7 6.0 KURIL ISLANDS                           
event name:     201207081133A  
time shift:      4.3100
half duration:   2.3000
latitude:       45.4600
longitude:     151.5000
depth:          23.2300
Mrr:       9.090000e+24
Mtt:      -3.650000e+24
Mpp:      -5.450000e+24
Mrt:       2.190000e+24
Mrp:       5.290000e+24
Mtp:      -5.040000e+24
