PDE 2011 10 21 17 57 16.10 -28.9900 -176.2400  33.0 6.4 7.5 KERMADEC ISLANDS REGION                 
event name:     201110211757A  
time shift:     12.1800
half duration:  12.0000
latitude:      -28.8300
longitude:    -175.7200
depth:          48.4100
Mrr:       1.320000e+27
Mtt:      -1.590000e+26
Mpp:      -1.170000e+27
Mrt:       2.680000e+26
Mrp:       3.140000e+26
Mtp:      -6.930000e+26
