PDE 2014  4 11  0  1 45.20 -20.6600  -70.6500  13.8 0.0 6.2 NEAR COAST OF NORTHERN C                
event name:     201404110001A  
time shift:      5.8300
half duration:   2.7000
latitude:      -20.6400
longitude:     -70.8800
depth:          14.5400
Mrr:       9.050000e+24
Mtt:       3.740000e+24
Mpp:      -1.280000e+25
Mrt:      -5.120000e+24
Mrp:      -1.160000e+25
Mtp:       1.350000e+24
