 PDEW2014 11 17 23  9  4.70  38.6800   23.2400  10.0 0.0 5.1 GREECE                                  
event name:     201411172309A  
time shift:     -0.9000
half duration:   1.0000
latitude:       38.5600
longitude:      23.4700
depth:          23.3500
Mrr:      -3.180000e+23
Mtt:       8.950000e+23
Mpp:      -5.770000e+23
Mrt:       1.790000e+23
Mrp:       1.900000e+23
Mtp:       3.680000e+23

