PDE 2013  4 19  3  5 52.70  46.2200  150.7900 110.0 7.1 7.2 KURIL ISLANDS                           
event name:     201304190305A  
time shift:     11.9700
half duration:  10.3000
latitude:       46.0000
longitude:     150.9200
depth:         104.4700
Mrr:      -1.860000e+26
Mtt:       4.460000e+26
Mpp:      -2.600000e+26
Mrt:       7.910000e+26
Mrp:       3.780000e+26
Mtp:      -5.500000e+25
