PDE 2013  4 16 10 44 20.20  28.0300   62.0000  80.0 7.0 7.7 SOUTHERN IRAN                           
event name:     201304161044A  
time shift:     11.9900
half duration:  18.1000
latitude:       27.8900
longitude:      62.2100
depth:          50.7900
Mrr:      -4.320000e+27
Mtt:       4.280000e+27
Mpp:       3.960000e+25
Mrt:       1.400000e+27
Mrp:       1.390000e+27
Mtp:       1.950000e+27
