 PDEW2008  3 14  7 10 21.60  36.0100   21.7600   5.0 4.5 4.7 SOUTHERN GREECE                         
event name:     200803140710A  
time shift:      7.0700
half duration:   0.9000
latitude:       36.1100
longitude:      21.8500
depth:          13.6200
Mrr:       5.710000e+23
Mtt:      -4.880000e+23
Mpp:      -8.300000e+22
Mrt:       2.400000e+23
Mrp:      -4.930000e+22
Mtp:       2.830000e+23

