PDE 2013  4 13 22 49 50.50 -19.1400  169.5400 280.2 5.9 6.0 VANUATU ISLANDS                         
event name:     201304132249A  
time shift:      1.8700
half duration:   2.5000
latitude:      -19.1000
longitude:     169.5100
depth:         272.7100
Mrr:       5.140001e+24
Mtt:      -3.740000e+24
Mpp:      -1.400000e+24
Mrt:       2.020000e+24
Mrp:      -7.670000e+24
Mtp:      -1.000000e+25
