 PDEW2012 10 23 15 20 42.20  38.9200   20.5000  16.9 4.6 4.8 GREECE                                  
event name:     201210231520A  
time shift:      1.7200
half duration:   0.6000
latitude:       38.8500
longitude:      20.5600
depth:          17.5200
Mrr:       4.280000e+21
Mtt:       4.200000e+22
Mpp:      -4.630000e+22
Mrt:      -3.800000e+21
Mrp:      -1.820000e+22
Mtp:       2.230000e+23

