PDE 2014  4 26  6  2 21.00 -20.7500 -174.7100  45.0 0.0 6.1 TONGA ISLANDS                           
event name:     201404260602A  
time shift:      4.2500
half duration:   2.9000
latitude:      -20.8000
longitude:    -174.2900
depth:          49.1300
Mrr:       1.530000e+25
Mtt:      -4.660000e+23
Mpp:      -1.490000e+25
Mrt:       7.970000e+24
Mrp:      -8.040000e+24
Mtp:       7.790000e+24
