 PDEW2014 12 29 20 34 11.60  41.7000   19.2800   7.0 0.0 5.0 ALBANIA                                 
event name:     201412292034A  
time shift:      3.4900
half duration:   0.6000
latitude:       41.4200
longitude:      19.3800
depth:          21.3700
Mrr:       1.910000e+23
Mtt:      -7.140000e+22
Mpp:      -1.200000e+23
Mrt:       1.200000e+23
Mrp:      -8.340000e+21
Mtp:       1.160000e+23

