PDE 2013  3 19  3 28 58.80 -58.8900  -24.3300  20.0 6.0 6.0 SOUTH SANDWICH ISLANDS R                
event name:     201303190329A  
time shift:      5.0700
half duration:   2.4000
latitude:      -59.1000
longitude:     -23.8700
depth:          34.7600
Mrr:       7.280000e+24
Mtt:      -8.210000e+24
Mpp:       9.280000e+23
Mrt:      -7.200000e+23
Mrp:       6.880000e+24
Mtp:       5.250000e+24
