PDE 2014  6 29  5 56 31.70  24.3900  142.6300  48.0 0.0 6.2 VOLCANO ISLANDS, JAPAN R                
event name:     201406290556A  
time shift:      3.9400
half duration:   3.2000
latitude:       24.5200
longitude:     142.7600
depth:          63.1700
Mrr:       2.150000e+25
Mtt:      -1.200000e+25
Mpp:      -9.470000e+24
Mrt:      -1.690000e+25
Mrp:      -4.000000e+24
Mtp:      -1.430000e+25
