PDE 2014  5  4 20 18 24.70  34.9100  139.4200 153.0 0.0 6.0 NEAR S. COAST OF HONSHU,                
event name:     201405042018A  
time shift:      2.7100
half duration:   2.5000
latitude:       34.8900
longitude:     139.4800
depth:         165.2400
Mrr:      -3.520000e+24
Mtt:      -3.730000e+24
Mpp:       7.250000e+24
Mrt:       6.260000e+24
Mrp:       9.930000e+24
Mtp:       2.150000e+24
