PDE 2012  6 24  3 15  1.30  57.6000  163.2000  10.0 5.8 6.1 NEAR EAST COAST OF KAMCH                
event name:     201206240315A  
time shift:      4.8300
half duration:   2.6000
latitude:       57.5500
longitude:     163.6700
depth:          12.7300
Mrr:       1.200000e+25
Mtt:       1.120000e+24
Mpp:      -1.310000e+25
Mrt:       1.680000e+24
Mrp:       6.720001e+24
Mtp:      -1.970000e+24
