 PDEW2014  2  9  8 22 59.10  38.1900   20.3500   9.0 0.0 4.7 GREECE                                  
event name:     201402090823A  
time shift:      2.8100
half duration:   0.6000
latitude:       38.0900
longitude:      20.2900
depth:          23.8400
Mrr:       1.470000e+23
Mtt:       8.170000e+22
Mpp:      -2.280000e+23
Mrt:      -2.070000e+22
Mrp:       3.190000e+21
Mtp:       2.270000e+21

