PDE 2008  9 11  0 20 50.90  41.8900  143.7500  25.0 6.1 7.0 HOKKAIDO, JAPAN REGION                  
event name:     200809110020A  
time shift:      5.1800
half duration:   6.5000
latitude:       41.7900
longitude:     144.1100
depth:          20.0000
Mrr:       7.940000e+25
Mtt:      -3.270000e+25
Mpp:      -4.680000e+25
Mrt:       6.960000e+25
Mrp:       1.410000e+26
Mtp:      -4.780000e+25
