PDE 2012 11  7 16 35 46.70  13.9600  -91.8500  24.0 6.6 7.4 NEAR COAST OF GUATEMALA                 
event name:     201211071635A  
time shift:      9.6000
half duration:  11.9000
latitude:       14.1100
longitude:     -92.4300
depth:          21.3100
Mrr:       1.110000e+27
Mtt:      -8.840000e+26
Mpp:      -2.260000e+26
Mrt:       7.870001e+26
Mrp:      -5.270000e+26
Mtp:       4.060000e+26
