PDE 2015  9 18 15 59 42.30  15.2600  -45.9500  10.0 0.0 5.4 NORTHERN MID-ATLANTIC RI                
event name:     201509181559A  
time shift:      4.3900
half duration:   2.4000
latitude:       15.4100
longitude:     -45.8500
depth:          12.0000
Mrr:      -1.120000e+23
Mtt:      -3.280000e+24
Mpp:       3.390000e+24
Mrt:       1.520000e+24
Mrp:       7.360000e+23
Mtp:      -1.150000e+25
