PDE 2010  7  2  6  4  3.10 -13.6400  166.4900  29.0 5.8 6.3 VANUATU ISLANDS                         
event name:     201007020604A  
time shift:      5.5900
half duration:   3.3000
latitude:      -13.7100
longitude:     166.4400
depth:          27.9800
Mrr:       2.610000e+25
Mtt:       8.780000e+23
Mpp:      -2.690000e+25
Mrt:       8.220000e+24
Mrp:      -1.460000e+25
Mtp:       8.000000e+24
