PDE 2010  4 13 23 49 38.30  33.1700   96.5500  17.0 6.5 7.0 QINGHAI, CHINA                          
event name:     201004132349A  
time shift:      7.5500
half duration:   6.6000
latitude:       33.0500
longitude:      96.7900
depth:          15.7300
Mrr:      -3.820000e+25
Mtt:       2.240000e+26
Mpp:      -1.860000e+26
Mrt:      -1.050000e+26
Mrp:       1.890000e+25
Mtp:       1.100000e+26
