PDE 2010  4 14  1 25 15.60  33.1900   96.4500   7.6 5.9 6.1 QINGHAI, CHINA                          
event name:     201004140125A  
time shift:      2.2200
half duration:   2.6000
latitude:       33.1800
longitude:      96.5300
depth:          17.8900
Mrr:      -2.970000e+24
Mtt:       1.220000e+25
Mpp:      -9.270000e+24
Mrt:      -5.660000e+24
Mrp:      -4.980000e+24
Mtp:       9.360000e+24
