PDE 2013  8 12  4 16 47.80 -30.6300 -179.6800 340.6 5.7 6.2 KERMADEC ISLANDS REGION                 
event name:     201308120416A  
time shift:      5.0000
half duration:   2.9000
latitude:      -30.4600
longitude:    -179.5800
depth:         347.8600
Mrr:      -1.230000e+25
Mtt:      -8.140000e+24
Mpp:       2.040000e+25
Mrt:      -1.050000e+25
Mrp:      -1.080000e+24
Mtp:       4.000000e+24
