 PDEW2013  5 16  3  2  3.30  37.0400   28.4000   7.8 4.9 4.6 TURKEY                                  
event name:     201305160302A  
time shift:     -0.2000
half duration:   0.8000
latitude:       36.8900
longitude:      28.4100
depth:          13.4800
Mrr:      -4.560000e+23
Mtt:       3.280000e+23
Mpp:       1.280000e+23
Mrt:      -7.770000e+22
Mrp:       8.510000e+22
Mtp:      -1.380000e+23

