PDE 2011  4 24 23  7 51.50  -4.5900  122.7700   8.0 5.7 6.1 SULAWESI, INDONESIA                     
event name:     201104242307A  
time shift:      3.3200
half duration:   2.7000
latitude:       -4.2700
longitude:     122.8000
depth:          15.0000
Mrr:      -2.600000e+24
Mtt:       1.670000e+25
Mpp:      -1.410000e+25
Mrt:       6.560000e+24
Mrp:       7.960000e+24
Mtp:      -4.670000e+24
