PDE 2011  7 16 19 59 12.90  54.7900 -161.2900  36.0 6.3 6.2 ALASKA PENINSULA                        
event name:     201107161959A  
time shift:      3.6100
half duration:   3.0000
latitude:       54.5000
longitude:    -161.0700
depth:          46.3300
Mrr:       1.720000e+25
Mtt:      -1.490000e+25
Mpp:      -2.280000e+24
Mrt:       1.110000e+25
Mrp:       7.830001e+24
Mtp:      -8.660000e+24
