PDE 2010  5 24 16 18 29.10  -8.0800  -71.5600 581.2 6.0 6.5 WESTERN BRAZIL                          
event name:     201005241618A  
time shift:      4.5100
half duration:   4.1000
latitude:       -8.0800
longitude:     -71.6400
depth:         591.3700
Mrr:      -5.900000e+25
Mtt:       1.050000e+25
Mpp:       4.860000e+25
Mrt:      -1.070000e+25
Mrp:       1.490000e+25
Mtp:      -1.160000e+25
