PDE 2013 11 13 23 45 47.90 -60.2800  -47.1200  11.1 0.0 6.1 SCOTIA SEA                              
event name:     201311132345A  
time shift:      4.8100
half duration:   2.5000
latitude:      -60.5000
longitude:     -47.5200
depth:          17.0200
Mrr:      -2.450000e+24
Mtt:      -2.330000e+23
Mpp:       2.680000e+24
Mrt:       1.140000e+24
Mrp:       6.220000e+24
Mtp:       1.240000e+25
