PDE 2013  4 30  6 25 23.20  37.5900  -24.9100  10.0 5.9 5.9 AZORES ISLANDS REGION                   
event name:     201304300625A  
time shift:      4.1800
half duration:   2.0000
latitude:       37.6000
longitude:     -24.6200
depth:          13.8200
Mrr:      -4.910000e+24
Mtt:       3.810000e+24
Mpp:       1.110000e+24
Mrt:      -7.030001e+22
Mrp:      -8.650000e+23
Mtp:      -5.290000e+24
