PDE 2014 11 26 14 33 43.30   1.9800  126.5500  41.1 0.0 6.8 NORTHERN MOLUCCA SEA                    
event name:     201411261433A  
time shift:      8.2400
half duration:   5.9000
latitude:        2.1200
longitude:     126.4900
depth:          33.2100
Mrr:       1.460000e+26
Mtt:      -3.070000e+25
Mpp:      -1.150000e+26
Mrt:      -9.100000e+24
Mrp:      -8.469999e+25
Mtp:      -7.860000e+25
