PDE 2009 10 13 11 38  5.30   2.9300  128.2300  32.0 5.8 6.0 HALMAHERA, INDONESIA                    
event name:     200910131138A  
time shift:      4.9400
half duration:   2.5000
latitude:        3.0900
longitude:     128.0500
depth:          38.5300
Mrr:      -3.540000e+24
Mtt:      -3.740000e+24
Mpp:       7.280000e+24
Mrt:       8.840001e+24
Mrp:      -1.990000e+24
Mtp:      -9.060000e+24
