PDE 2011  3 11  6 15 45.00  36.1300  140.2300  30.2 6.8 6.8 NEAR EAST COAST OF HONSH                
event name:     201103110615A  
time shift:     13.6600
half duration:  21.2000
latitude:       35.9200
longitude:     141.3800
depth:          28.9700
Mrr:       4.390000e+27
Mtt:      -3.140000e+26
Mpp:      -4.070000e+27
Mrt:       3.170000e+27
Mrp:       6.340000e+27
Mtp:      -1.970000e+27
