PDE 2013 10 23  8 23 30.40 -23.0100 -177.1400 160.0 0.0 6.0 SOUTH OF FIJI ISLANDS                   
event name:     201310230823A  
time shift:      3.1800
half duration:   2.4000
latitude:      -23.0800
longitude:    -176.7400
depth:         168.3800
Mrr:      -2.030000e+23
Mtt:       7.050000e+23
Mpp:      -5.020000e+23
Mrt:      -3.690000e+24
Mrp:      -1.110000e+25
Mtp:       2.650000e+24
