PDE 2012  5 28  5  7 23.50 -28.0400  -63.0900 586.9 6.0 6.8 SANTIAGO DEL ESTERO PROV                
event name:     201205280507A  
time shift:      3.4700
half duration:   5.3000
latitude:      -28.2500
longitude:     -63.0700
depth:         591.6200
Mrr:      -7.020000e+25
Mtt:      -7.430000e+24
Mpp:       7.760000e+25
Mrt:      -5.000000e+25
Mrp:       9.640000e+25
Mtp:       1.090000e+25
