PDE 2010  3 30 16 54 46.70  13.6700   92.8300  34.0 6.5 6.7 ANDAMAN ISLANDS, INDIA R                
event name:     201003301654A  
time shift:      7.6900
half duration:   5.1000
latitude:       13.5800
longitude:      92.7600
depth:          30.4600
Mrr:      -4.960000e+25
Mtt:      -1.260000e+25
Mpp:       6.220000e+25
Mrt:       9.510000e+24
Mrp:      -3.820000e+25
Mtp:       9.340000e+25
