 PDEW2007  3 30 19 23 56.10  37.9900   30.9200   5.9 4.5 4.9 TURKEY                                  
event name:     200703301923A  
time shift:      7.6700
half duration:   0.7000
latitude:       37.9200
longitude:      30.9100
depth:          13.4700
Mrr:      -2.060000e+23
Mtt:      -3.790000e+22
Mpp:       2.440000e+23
Mrt:      -1.230000e+23
Mrp:      -4.040000e+22
Mtp:       1.210000e+22

