PDE 2012 10  1 22 21 46.00  39.8100  143.1000  15.0 5.6 6.1 OFF EAST COAST OF HONSHU                
event name:     201210012221A  
time shift:      4.8000
half duration:   2.5000
latitude:       39.8600
longitude:     143.3000
depth:          21.1200
Mrr:       7.270001e+24
Mtt:       1.550000e+23
Mpp:      -7.420000e+24
Mrt:       5.990000e+24
Mrp:       1.010000e+25
Mtp:      -1.960000e+24
