PDE 2009  8 10  4  6 31.00 -11.6100  166.0900  35.0 5.8 6.6 SANTA CRUZ ISLANDS                      
event name:     200908100406A  
time shift:      8.6900
half duration:   4.6000
latitude:      -11.6000
longitude:     165.9300
depth:          43.6000
Mrr:       8.180000e+25
Mtt:      -3.440000e+24
Mpp:      -7.830000e+25
Mrt:      -3.450000e+23
Mrp:       2.960000e+24
Mtp:       2.350000e+25
