PDE 2014  7 14  7 59 57.30   5.7100  126.4800  20.0 0.0 6.3 MINDANAO, PHILIPPINES                   
event name:     201407140759A  
time shift:      6.2000
half duration:   3.3000
latitude:        5.6400
longitude:     126.5500
depth:          28.5700
Mrr:       2.240000e+25
Mtt:       4.020000e+24
Mpp:      -2.640000e+25
Mrt:       1.100000e+25
Mrp:       1.260000e+25
Mtp:      -9.210000e+23
