PDE 2008  4  9 11 23 40.30 -20.1800  168.9000  35.0 5.7 6.3 LOYALTY ISLANDS                         
event name:     200804091123A  
time shift:      5.5500
half duration:   3.4000
latitude:      -20.2600
longitude:     168.6300
depth:          31.7100
Mrr:       2.970000e+25
Mtt:      -4.060000e+24
Mpp:      -2.560000e+25
Mrt:       3.340000e+24
Mrp:      -1.580000e+25
Mtp:       1.160000e+25
