PDE 2008 10 28 16  0  3.20  -3.4900  145.8700  18.3 5.5 6.0 NEAR N COAST OF NEW GUIN                
event name:     200810281600A  
time shift:      4.2700
half duration:   2.5000
latitude:       -3.3600
longitude:     145.8200
depth:          12.0000
Mrr:       4.470000e+23
Mtt:      -2.990000e+24
Mpp:       2.550000e+24
Mrt:      -2.960000e+22
Mrp:      -1.100000e+24
Mtp:       1.320000e+25
