PDE 2011  4  1 13 29 10.70  35.6600   26.5600  59.9 6.2 6.1 CRETE, GREECE                           
event name:     201104011329A  
time shift:      1.3100
half duration:   2.9000
latitude:       35.4900
longitude:      26.6700
depth:          75.7700
Mrr:       1.670000e+24
Mtt:       1.780000e+25
Mpp:      -1.940000e+25
Mrt:       5.780000e+24
Mrp:       3.130000e+24
Mtp:      -4.060000e+24
