 PDEW2012  5 22  1 30 50.90  42.5700   23.0100   6.6 4.9 4.6 BULGARIA                                
event name:     201205220130A  
time shift:     -0.0400
half duration:   0.6000
latitude:       42.5100
longitude:      23.1200
depth:          18.6100
Mrr:      -2.200000e+23
Mtt:       1.920000e+23
Mpp:       2.860000e+22
Mrt:      -7.650000e+22
Mrp:      -3.670000e+22
Mtp:      -4.450000e+22

