PDE 2010  4 30 23 11 43.30  60.4700 -177.8800  13.5 6.0 6.7 BERING SEA                              
event name:     201004302311A  
time shift:      5.6900
half duration:   4.3000
latitude:       60.4500
longitude:    -177.7100
depth:          14.9900
Mrr:       1.320000e+24
Mtt:       6.190000e+25
Mpp:      -6.320000e+25
Mrt:       3.420000e+24
Mrp:      -1.460000e+25
Mtp:      -1.870000e+25
