PDE 2011  4 23  4 16 54.70 -10.3800  161.2000  79.0 6.7 6.8 SOLOMON ISLANDS                         
event name:     201104230416A  
time shift:      6.0100
half duration:   6.3000
latitude:      -10.4700
longitude:     161.3200
depth:          76.9200
Mrr:       3.720000e+25
Mtt:      -9.950000e+25
Mpp:       6.230000e+25
Mrt:      -1.390000e+26
Mrp:      -2.300000e+25
Mtp:       1.370000e+26
