PDE 2014  9  6  6 53 11.80 -26.6500 -114.5000   7.0 0.0 6.1 EASTER ISLAND REGION                    
event name:     201409060653A  
time shift:      5.9600
half duration:   2.8000
latitude:      -26.8900
longitude:    -114.5600
depth:          12.0000
Mrr:      -1.420000e+25
Mtt:       4.080000e+24
Mpp:       1.010000e+25
Mrt:       7.530000e+23
Mrp:      -2.470000e+23
Mtp:      -1.460000e+25
