 PDEW2013  5 26 16  0 55.10  36.7400    5.1800  10.0 5.0 0.0 NORTHERN ALGERIA                        
event name:     201305261600A  
time shift:      1.7000
half duration:   0.7000
latitude:       36.6600
longitude:       5.1700
depth:          20.0700
Mrr:       1.620000e+23
Mtt:      -2.310000e+23
Mpp:       6.920000e+22
Mrt:      -1.100000e+23
Mrp:      -1.410000e+23
Mtp:      -1.490000e+23

