PDE 2009 10  8  8 28 48.00 -13.3000  165.9100  35.0 5.7 6.8 VANUATU ISLANDS                         
event name:     200910080828A  
time shift:      4.8000
half duration:   6.1000
latitude:      -13.1400
longitude:     166.0900
depth:          13.7600
Mrr:       1.270000e+26
Mtt:      -1.110000e+25
Mpp:      -1.160000e+26
Mrt:       4.560000e+25
Mrp:      -8.610000e+25
Mtp:       3.650000e+25
