PDE 2008 12  6 10 55 27.10  -7.4000  124.7400 405.4 6.1 6.4 BANDA SEA                               
event name:     200812061055A  
time shift:      4.4200
half duration:   3.9000
latitude:       -7.4400
longitude:     124.8400
depth:         406.9500
Mrr:      -4.830000e+25
Mtt:       3.500000e+25
Mpp:       1.330000e+25
Mrt:      -9.220000e+24
Mrp:       3.790000e+25
Mtp:       1.200000e+24
