PDE 2010  3  8  7 47 42.00  38.7100   40.0500  10.0 5.5 5.6 TURKEY                                  
event name:     201003080747A  
time shift:      1.4600
half duration:   1.5000
latitude:       38.7300
longitude:      39.9500
depth:          18.9900
Mrr:      -4.880000e+22
Mtt:      -2.470000e+24
Mpp:       2.520000e+24
Mrt:       7.830001e+23
Mrp:      -1.050000e+23
Mtp:       6.150001e+23
