PDE 2009  6 20  8 28 19.00  37.6800   26.8600  12.0 4.8 5.0 DODECANESE ISLANDS, GREE                
event name:     200906200828A  
time shift:      4.8900
half duration:   0.8000
latitude:       37.5800
longitude:      26.9600
depth:          12.0000
Mrr:      -4.970000e+23
Mtt:       4.650000e+23
Mpp:       3.160000e+22
Mrt:       1.530000e+23
Mrp:      -4.050000e+22
Mtp:      -1.230000e+23
