PDE 2014  4  3  5 26 15.70 -20.8000  -70.5900  25.0 0.0 6.4 NEAR COAST OF NORTHERN C                
event name:     201404030526A  
time shift:      7.0800
half duration:   4.3000
latitude:      -20.7200
longitude:     -70.9000
depth:          32.1500
Mrr:       6.040000e+25
Mtt:      -7.700000e+24
Mpp:      -5.270000e+25
Mrt:       1.370000e+25
Mrp:      -4.030000e+25
Mtp:       2.130000e+24
