PDE 2014  1  1 16  3 29.00 -13.8600  167.2500 187.0 0.0 6.5 VANUATU ISLANDS                         
event name:     201401011603A  
time shift:      5.8000
half duration:   4.5000
latitude:      -13.8900
longitude:     167.1000
depth:         198.1800
Mrr:       7.449999e+25
Mtt:      -3.600000e+24
Mpp:      -7.090000e+25
Mrt:      -2.420000e+25
Mrp:      -4.810000e+24
Mtp:       2.080000e+25
