PDE 2008  1 30  7 32 42.80  -7.3000  127.6900   8.0 6.0 6.2 BANDA SEA                               
event name:     200801300732A  
time shift:      5.6500
half duration:   2.8000
latitude:       -7.1700
longitude:     127.7100
depth:          19.1100
Mrr:       1.210000e+25
Mtt:      -2.120000e+25
Mpp:       9.120000e+24
Mrt:      -6.640000e+24
Mrp:       2.240000e+24
Mtp:       1.570000e+24
