PDE 2011  1 18 20 23 23.50  28.7800   63.9400  68.0 6.7 7.2 SOUTHWESTERN PAKISTAN                   
event name:     201101182023A  
time shift:      8.3200
half duration:  10.1000
latitude:       28.6100
longitude:      63.9000
depth:          52.3200
Mrr:      -6.400000e+26
Mtt:       5.400000e+26
Mpp:       1.000000e+26
Mrt:       2.880000e+26
Mrp:       4.180000e+26
Mtp:       4.090000e+26
