PDE 2014  5 31 11 53 46.50  18.7900 -107.4700   5.0 0.0 6.2 OFF COAST OF JALISCO, ME                
event name:     201405311153A  
time shift:      3.4100
half duration:   3.0000
latitude:       18.9900
longitude:    -107.5000
depth:          16.9700
Mrr:      -1.620000e+24
Mtt:      -1.450000e+25
Mpp:       1.610000e+25
Mrt:      -8.330000e+23
Mrp:       5.420000e+23
Mtp:      -1.840000e+25
