 PDEW2011  7  7 19 21 48.30  42.0300    7.7200  10.0 5.3 0.0 WESTERN MEDITERRANEAN SE                
event name:     201107071921A  
time shift:      1.8000
half duration:   0.9000
latitude:       41.9400
longitude:       7.6300
depth:          13.2800
Mrr:       5.740000e+23
Mtt:      -2.720000e+23
Mpp:      -3.020000e+23
Mrt:      -2.750000e+22
Mrp:       1.260000e+23
Mtp:      -2.920000e+23

