 PDEW2013  9 16 14 42 40.20  38.6800   22.7100   0.0 4.8 4.5 GREECE                                  
event name:     201309161442A  
time shift:      0.2700
half duration:   0.6000
latitude:       38.4800
longitude:      22.6800
depth:          17.4500
Mrr:      -1.690000e+23
Mtt:       1.620000e+23
Mpp:       7.370000e+21
Mrt:      -1.290000e+23
Mrp:      -2.270000e+22
Mtp:      -6.870000e+21

