PDE 2008  2 23 15 57 19.80 -57.3300  -23.4200  10.0 6.2 6.7 SOUTH SANDWICH ISLANDS R                
event name:     200802231557A  
time shift:      8.9700
half duration:   5.8000
latitude:      -57.1200
longitude:     -23.1300
depth:          12.0000
Mrr:      -9.730000e+25
Mtt:      -8.780000e+25
Mpp:       1.850000e+26
Mrt:      -2.990000e+25
Mrp:       4.210000e+25
Mtp:      -6.890000e+25
