PDE 2008  2  9 18 34  1.60  -0.2400  125.0800  38.0 5.9 6.0 SOUTHERN MOLUCCA SEA                    
event name:     200802091833A  
time shift:      2.6600
half duration:   2.3000
latitude:       -0.3300
longitude:     125.3700
depth:          32.4300
Mrr:       7.780001e+24
Mtt:      -5.010000e+24
Mpp:      -2.770000e+24
Mrt:       3.100000e+24
Mrp:       5.860000e+24
Mtp:      -5.150000e+24
