PDE 2012  5 23 15  2 25.30  41.3300  142.0800  46.0 6.2 6.0 HOKKAIDO, JAPAN REGION                  
event name:     201205231502A  
time shift:      3.0100
half duration:   2.4000
latitude:       41.3900
longitude:     142.2200
depth:          54.0800
Mrr:       9.050000e+24
Mtt:      -2.630000e+23
Mpp:      -8.780000e+24
Mrt:       3.680000e+24
Mrp:       6.120000e+24
Mtp:      -2.320000e+24
