 PDEW2013  9  8  4 59 29.50  34.7200   25.0900   4.9 5.0 4.9 CRETE, GREECE                           
event name:     201309080459A  
time shift:      1.4400
half duration:   0.7000
latitude:       34.7600
longitude:      25.0100
depth:          22.4900
Mrr:       3.990000e+22
Mtt:      -1.480000e+23
Mpp:       1.080000e+23
Mrt:       4.610000e+22
Mrp:      -6.690000e+22
Mtp:       2.780000e+23

