PDE 2012  1 30  5 11  0.90 -14.1700  -75.6300  43.0 6.3 6.4 NEAR COAST OF PERU                      
event name:     201201300511A  
time shift:      4.6400
half duration:   3.8000
latitude:      -14.2600
longitude:     -76.0500
depth:          45.7000
Mrr:       3.690000e+25
Mtt:       6.070000e+23
Mpp:      -3.750000e+25
Mrt:      -1.380000e+24
Mrp:      -2.740000e+25
Mtp:       1.660000e+25
