PDE 2013  8 13 15 43 15.20   5.7700  -78.2000  12.0 0.0 6.7 SOUTH OF PANAMA                         
event name:     201308131543A  
time shift:      5.9100
half duration:   5.0000
latitude:        5.7700
longitude:     -78.1900
depth:          20.9100
Mrr:      -5.420000e+25
Mtt:       1.190000e+26
Mpp:      -6.470000e+25
Mrt:       8.630000e+24
Mrp:       3.130000e+25
Mtp:       3.310000e+25
