 PDEW2008  3 23 20 11 11.90  36.1500   21.8600  35.0 4.7 4.8 SOUTHERN GREECE                         
event name:     200803232011A  
time shift:      0.0700
half duration:   0.8000
latitude:       36.2100
longitude:      21.7300
depth:          12.0000
Mrr:       2.960000e+23
Mtt:      -3.100000e+23
Mpp:       1.350000e+22
Mrt:       1.640000e+23
Mrp:      -1.310000e+23
Mtp:       1.620000e+23

