PDE 2014  4 13 12 36 19.20 -11.4600  162.0500  39.0 0.0 7.4 SOLOMON ISLANDS                         
event name:     201404131236A  
time shift:      8.9000
half duration:  12.7000
latitude:      -11.4500
longitude:     161.9700
depth:          37.4500
Mrr:       1.680000e+27
Mtt:      -1.780000e+27
Mpp:       9.960001e+25
Mrt:      -1.350000e+26
Mrp:       2.770000e+26
Mtp:       3.390000e+26
