PDE 2008  2 25  8 36 33.00  -2.4900   99.9700  25.0 6.4 7.3 SOUTHERN SUMATRA, INDONE                
event name:     200802250836A  
time shift:      9.3900
half duration:   9.1000
latitude:       -2.6600
longitude:      99.9500
depth:          14.3700
Mrr:       1.520000e+26
Mtt:      -8.910000e+25
Mpp:      -6.260000e+25
Mrt:       6.300000e+26
Mrp:      -4.280000e+26
Mtp:       7.959999e+25
