PDE 2013  5 28  0  9 52.50  43.2500   41.6600   4.8 5.4 5.1 NORTHWESTERN CAUCASUS                   
event name:     201305280009A  
time shift:      1.3100
half duration:   1.0000
latitude:       43.2800
longitude:      41.6500
depth:          12.0000
Mrr:       6.280000e+23
Mtt:      -7.370000e+23
Mpp:       1.090000e+23
Mrt:       2.630000e+23
Mrp:       1.420000e+23
Mtp:       1.180000e+23
