PDE 2013  4  9 11 52 49.90  28.4300   51.5900  12.0 5.9 6.4 SOUTHERN IRAN                           
event name:     201304091152A  
time shift:      4.6100
half duration:   3.4000
latitude:       28.2700
longitude:      51.6200
depth:          12.0000
Mrr:       2.400000e+25
Mtt:      -8.460000e+24
Mpp:      -1.550000e+25
Mrt:      -7.180001e+24
Mrp:       4.970000e+24
Mtp:       3.100000e+25
