PDE 2010  8 16 19 35 49.00 -20.8000 -178.8300 603.2 5.7 6.2 FIJI ISLANDS REGION                     
event name:     201008161935A  
time shift:      3.1300
half duration:   2.9000
latitude:      -20.7400
longitude:    -178.6700
depth:         604.0300
Mrr:      -1.390000e+25
Mtt:       1.140000e+25
Mpp:       2.440000e+24
Mrt:      -9.030000e+24
Mrp:      -1.190000e+25
Mtp:      -1.060000e+25
