PDE 2010  2 27  8  1 23.90 -37.7700  -75.0500  41.7 6.8 0.0 OFF COAST OF CENTRAL CHI                
event name:     201002270801A  
time shift:      5.8900
half duration:   6.6000
latitude:      -38.0900
longitude:     -75.4100
depth:          19.9300
Mrr:      -1.400000e+27
Mtt:       1.630000e+26
Mpp:       1.240000e+27
Mrt:       2.340000e+26
Mrp:      -4.060000e+25
Mtp:       2.270000e+26
