PDE 2012 11 13  4 31 26.80 -45.7600  -77.0500   9.0 5.7 6.1 OFF COAST OF SOUTHERN CH                
event name:     201211130431A  
time shift:      3.7600
half duration:   2.5000
latitude:      -45.8000
longitude:     -77.5400
depth:          17.8700
Mrr:      -3.350000e+23
Mtt:       5.970000e+24
Mpp:      -5.630000e+24
Mrt:       1.660000e+24
Mrp:      -2.550000e+24
Mtp:      -1.250000e+25
