PDE 2009  1 13  1  4 42.60 -13.1500   66.0800  10.0 5.5 6.0 MID-INDIAN RIDGE                        
event name:     200901130104A  
time shift:      2.4600
half duration:   2.4000
latitude:      -13.6200
longitude:      66.1900
depth:          12.0000
Mrr:      -8.020000e+23
Mtt:      -1.070000e+25
Mpp:       1.150000e+25
Mrt:      -1.540000e+24
Mrp:       1.770000e+24
Mtp:       3.830000e+24
