PDE 2013  2  8 15 26 38.50 -10.9300  166.0200  21.0 6.4 7.1 SANTA CRUZ ISLANDS                      
event name:     201302081526A  
time shift:     15.2900
half duration:   8.2000
latitude:      -10.7200
longitude:     165.9200
depth:          23.6500
Mrr:       2.880000e+24
Mtt:       4.270000e+25
Mpp:      -4.560000e+25
Mrt:      -4.870000e+25
Mrp:       6.500000e+25
Mtp:      -4.620000e+26
