 PDEW2013  7 30  5 33  9.80  40.2900   25.8700  10.2 4.6 4.8 AEGEAN SEA                              
event name:     201307300533A  
time shift:     -0.2300
half duration:   0.8000
latitude:       40.2600
longitude:      25.8200
depth:          12.0000
Mrr:      -2.580000e+23
Mtt:       4.070000e+23
Mpp:      -1.490000e+23
Mrt:       1.060000e+23
Mrp:       1.350000e+23
Mtp:      -1.990000e+23

