PDE 2013  8  7  9  6 52.20  38.6900   22.6900   0.1 0.0 5.5 GREECE                                  
event name:     201308070906A  
time shift:      1.7800
half duration:   1.2000
latitude:       38.5400
longitude:      22.6900
depth:          12.8000
Mrr:      -1.270000e+24
Mtt:       1.230000e+24
Mpp:       3.800000e+22
Mrt:      -9.060000e+23
Mrp:      -3.540000e+23
Mtp:       2.070000e+23
