PDE 2010  2  5  6 59  5.60 -47.9000   99.6600   1.0 5.8 6.2 SOUTHEAST INDIAN RIDGE                  
event name:     201002050659A  
time shift:      5.6100
half duration:   3.2000
latitude:      -47.8900
longitude:      99.5100
depth:          12.0000
Mrr:      -2.790000e+23
Mtt:       2.580000e+25
Mpp:      -2.550000e+25
Mrt:       2.260000e+24
Mrp:       9.970000e+23
Mtp:       8.790000e+24
