 PDEW2014  1 11  4 12 56.20  37.8300   20.9500   0.0 0.0 5.0 IONIAN SEA                              
event name:     201401110412A  
time shift:      2.3500
half duration:   0.7000
latitude:       37.7700
longitude:      21.0200
depth:          24.4400
Mrr:       1.970000e+22
Mtt:       3.320000e+23
Mpp:      -3.520000e+23
Mrt:      -4.430000e+22
Mrp:       1.700000e+22
Mtp:       6.110000e+22

