PDE 2009  7  8 19 23 37.70 -36.0000 -102.6900  12.0 5.4 6.0 SOUTHEAST OF EASTER ISLA                
event name:     200907081923A  
time shift:      3.5300
half duration:   2.3000
latitude:      -35.9900
longitude:    -102.7500
depth:          17.6400
Mrr:      -6.010000e+23
Mtt:      -2.310000e+24
Mpp:       2.910000e+24
Mrt:      -1.020000e+24
Mrp:      -7.160000e+23
Mtp:      -1.020000e+25
