 PDEW2014  9 21  0 43 40.00  38.3500   21.8300  11.4 0.0 5.0 GREECE                                  
event name:     201409210043A  
time shift:      0.7600
half duration:   0.8000
latitude:       38.2500
longitude:      21.8300
depth:          12.2200
Mrr:      -3.920000e+23
Mtt:       3.820000e+23
Mpp:       1.060000e+22
Mrt:       8.240000e+21
Mrp:      -1.080000e+23
Mtp:       1.660000e+22

