PDE 2015  3 30  8 18  0.90 -15.3800 -172.9600  11.5 0.0 6.4 SAMOA ISLANDS REGION                    
event name:     201503300818A  
time shift:      8.9500
half duration:   3.5000
latitude:      -15.3000
longitude:    -172.6800
depth:          14.5000
Mrr:       2.820000e+25
Mtt:       5.580000e+24
Mpp:      -3.370000e+25
Mrt:       4.320000e+24
Mrp:       1.480000e+25
Mtp:       7.900000e+24
