 PDEW2012 11 26 17 35 41.80  36.6500   27.9900   0.0 5.0 4.9 DODECANESE ISLANDS, GREE                
event name:     201211261735A  
time shift:      2.1300
half duration:   0.6000
latitude:       36.6100
longitude:      27.9400
depth:          19.4200
Mrr:      -1.860000e+23
Mtt:       7.710000e+22
Mpp:       1.090000e+23
Mrt:       5.980000e+22
Mrp:       6.340000e+22
Mtp:       5.110000e+22

