PDE 2011  4 13 19 57 25.40  39.5800  143.3400  22.0 5.8 6.1 OFF EAST COAST OF HONSHU                
event name:     201104131957A  
time shift:      3.5900
half duration:   2.6000
latitude:       39.6300
longitude:     143.5900
depth:          14.7000
Mrr:       8.100000e+24
Mtt:       4.320000e+23
Mpp:      -8.530000e+24
Mrt:       4.170000e+24
Mrp:       1.120000e+25
Mtp:      -1.780000e+24
