PDE 2014  4 10 23 27 45.60  12.4000  -86.3800  13.0 0.0 6.1 NICARAGUA                               
event name:     201404102327A  
time shift:      3.9500
half duration:   2.8000
latitude:       12.4200
longitude:     -86.5400
depth:          15.3300
Mrr:      -3.830000e+24
Mtt:      -1.630000e+25
Mpp:       2.010000e+25
Mrt:      -3.380000e+24
Mrp:      -3.010000e+24
Mtp:      -5.990000e+24
