PDE 2013 10 24 19 25 10.90 -58.1500  -12.8000  22.9 0.0 6.7 EAST OF SOUTH SANDWICH I                
event name:     201310241925A  
time shift:     16.7600
half duration:   5.1000
latitude:      -58.4200
longitude:     -13.7000
depth:          22.7100
Mrr:      -7.460000e+24
Mtt:      -2.340000e+25
Mpp:       3.080000e+25
Mrt:       1.490000e+24
Mrp:      -6.569999e+24
Mtp:       1.110000e+26
