PDE 2009  4 16 14 57  6.20 -60.2000  -26.8600  20.0 6.2 6.8 SOUTH SANDWICH ISLANDS R                
event name:     200904161457A  
time shift:     10.0300
half duration:   5.3000
latitude:      -60.7100
longitude:     -26.5500
depth:          23.9800
Mrr:       1.060000e+26
Mtt:      -2.400000e+25
Mpp:      -8.220000e+25
Mrt:       9.460000e+24
Mrp:       6.430000e+25
Mtp:      -6.160000e+25
