PDE 2012  7  9 13 55  0.60  35.6000   28.9200  55.8 5.6 5.6 EASTERN MEDITERRANEAN SE                
event name:     201207091355A  
time shift:      0.3300
half duration:   1.8000
latitude:       35.3600
longitude:      28.9600
depth:          71.1700
Mrr:       4.130000e+23
Mtt:      -5.240000e+24
Mpp:       4.830000e+24
Mrt:      -5.150000e+23
Mrp:       7.630000e+23
Mtp:       5.700000e+23
