PDE 2008  4 28 18 33 34.20 -19.9400  168.9500  32.0 6.2 6.4 VANUATU ISLANDS                         
event name:     200804281833A  
time shift:      7.8000
half duration:   3.8000
latitude:      -19.9500
longitude:     168.7800
depth:          47.7600
Mrr:       4.500000e+25
Mtt:      -3.290000e+24
Mpp:      -4.170000e+25
Mrt:       1.470000e+24
Mrp:      -1.790000e+24
Mtp:       2.030000e+25
