PDE 2013 11 25  6 27 33.30 -53.9400  -55.0000  11.8 0.0 7.0 FALKLAND ISLANDS REGION                 
event name:     201311250627B  
time shift:     11.6700
half duration:   7.1000
latitude:      -54.0500
longitude:     -54.5900
depth:          16.0000
Mrr:       1.860000e+25
Mtt:      -2.200000e+26
Mpp:       2.020000e+26
Mrt:      -7.530000e+25
Mrp:       2.640000e+25
Mtp:       2.080000e+26
