PDE 2008  7 19  9 27  1.50 -11.0400  164.4900  11.0 6.1 6.6 SANTA CRUZ ISLANDS REGIO                
event name:     200807190927A  
time shift:      6.1100
half duration:   4.7000
latitude:      -11.1200
longitude:     164.4700
depth:          13.4900
Mrr:      -8.479999e+25
Mtt:       3.350000e+25
Mpp:       5.120000e+25
Mrt:      -1.060000e+25
Mrp:       1.570000e+25
Mtp:       4.960000e+25
