PDE 2008  3 20 22 32 57.90  35.4900   81.4700  10.0 6.3 7.3 SOUTHERN XINJIANG, CHINA                
event name:     200803202233A  
time shift:     14.1800
half duration:   8.6000
latitude:       35.4300
longitude:      81.3700
depth:          12.0000
Mrr:      -4.920000e+26
Mtt:      -3.630000e+25
Mpp:       5.290000e+26
Mrt:       1.250000e+26
Mrp:       8.230000e+25
Mtp:       1.090000e+26
