PDE 2009  6  5  3 30 33.10  41.8200  143.4500  29.0 6.0 6.4 HOKKAIDO, JAPAN REGION                  
event name:     200906050330A  
time shift:      4.4600
half duration:   3.4000
latitude:       41.7000
longitude:     143.7200
depth:          31.5900
Mrr:       1.870000e+25
Mtt:      -5.210000e+24
Mpp:      -1.340000e+25
Mrt:       1.690000e+25
Mrp:       2.800000e+25
Mtp:      -1.200000e+25
