PDE 2014 11  1 10 59 55.40 -31.8200 -111.1800  10.0 0.0 6.0 EASTER ISLAND REGION                    
event name:     201411011059A  
time shift:      4.9600
half duration:   2.5000
latitude:      -31.9700
longitude:    -111.2300
depth:          13.2600
Mrr:       8.370000e+24
Mtt:      -1.070000e+25
Mpp:       2.280000e+24
Mrt:      -4.360000e+24
Mrp:      -3.920000e+23
Mtp:       1.110000e+25
