PDE 2011  1 24  2 45 31.50  38.4100   72.7900 110.0 6.0 6.1 TAJIKISTAN                              
event name:     201101240245A  
time shift:      3.0000
half duration:   2.6000
latitude:       38.5000
longitude:      72.7800
depth:         119.2400
Mrr:      -2.680000e+24
Mtt:      -7.000000e+24
Mpp:       9.680001e+24
Mrt:      -8.930001e+24
Mrp:      -7.890000e+24
Mtp:      -5.640000e+24
