PDE 2012 11  2 18 17 32.70   9.2100  126.1600  37.0 0.0 6.1 MINDANAO, PHILIPPINES                   
event name:     201211021817A  
time shift:      3.1900
half duration:   2.7000
latitude:        9.2300
longitude:     126.4800
depth:          46.1000
Mrr:       1.500000e+25
Mtt:       1.150000e+24
Mpp:      -1.620000e+25
Mrt:       2.690000e+24
Mrp:       3.540000e+24
Mtp:       2.470000e+24
