PDE 2013  4 22  1 16 32.80  18.0800 -102.1800  30.0 5.6 6.0 MICHOACAN, MEXICO                       
event name:     201304220116A  
time shift:      2.4800
half duration:   2.7000
latitude:       18.0500
longitude:    -102.1900
depth:          26.6000
Mrr:       1.280000e+25
Mtt:      -1.010000e+25
Mpp:      -2.650000e+24
Mrt:      -6.890000e+24
Mrp:       6.360000e+24
Mtp:       7.290000e+24
