PDE 2013  1 20 23 32 22.50  53.8700  -35.1300  10.0 4.9 5.5 REYKJANES RIDGE                         
event name:     201301202332A  
time shift:      2.6700
half duration:   1.3000
latitude:       54.0300
longitude:     -35.1100
depth:          12.0000
Mrr:      -1.970000e+24
Mtt:       1.250000e+22
Mpp:       1.960000e+24
Mrt:       3.800000e+23
Mrp:      -7.740000e+22
Mtp:       2.390000e+23
