PDE 2010 12 13  1 14 42.30  -6.5300  155.6500 135.8 6.2 6.2 SOLOMON ISLANDS                         
event name:     201012130114A  
time shift:      3.0000
half duration:   3.1000
latitude:       -6.6100
longitude:     155.7100
depth:         145.2300
Mrr:      -2.580000e+25
Mtt:       1.640000e+24
Mpp:       2.410000e+25
Mrt:      -2.560000e+24
Mrp:       2.440000e+24
Mtp:      -9.950000e+23
