PDE 2012  6 23  4 34 53.20   3.0100   97.9000  95.0 6.3 6.1 NORTHERN SUMATRA, INDONE                
event name:     201206230434A  
time shift:      1.6800
half duration:   2.8000
latitude:        2.9800
longitude:      97.7700
depth:         104.5100
Mrr:       2.070000e+24
Mtt:       1.220000e+23
Mpp:      -2.190000e+24
Mrt:       1.090000e+25
Mrp:      -1.330000e+25
Mtp:      -1.240000e+25
