PDE 2013  9 11 12 44 13.60  -4.6500 -104.8200   9.6 0.0 6.1 CENTRAL EAST PACIFIC RIS                
event name:     201309111244A  
time shift:      6.2800
half duration:   2.6000
latitude:       -4.4500
longitude:    -104.8400
depth:          16.2000
Mrr:      -1.360000e+24
Mtt:       4.790000e+24
Mpp:      -3.420000e+24
Mrt:      -6.220000e+23
Mrp:       1.340000e+24
Mtp:       1.430000e+25
