PDE 2012  3 14 10 49 24.60  40.7800  144.7600  10.0 5.8 6.1 OFF EAST COAST OF HONSHU                
event name:     201203141049A  
time shift:      3.7300
half duration:   2.8000
latitude:       40.9100
longitude:     144.9000
depth:          18.9700
Mrr:      -1.900000e+25
Mtt:       5.010000e+24
Mpp:       1.400000e+25
Mrt:       5.600000e+24
Mrp:      -1.560000e+24
Mtp:       5.230000e+24
