PDE 2008  5  7 16 45 20.30  36.1600  141.5200  39.1 6.1 6.8 NEAR EAST COAST OF HONSH                
event name:     200805071645A  
time shift:      6.8200
half duration:   6.5000
latitude:       36.1800
longitude:     141.6100
depth:          26.3100
Mrr:       1.120000e+26
Mtt:      -1.140000e+25
Mpp:      -1.010000e+26
Mrt:       7.850000e+25
Mrp:       1.910000e+26
Mtp:      -4.670000e+25
