PDE 2008  9 18  1 41  2.80  -4.5500 -106.0000  10.0 5.5 6.0 CENTRAL EAST PACIFIC RIS                
event name:     200809180141A  
time shift:      4.0500
half duration:   2.5000
latitude:       -4.5300
longitude:    -105.9800
depth:          16.0300
Mrr:      -1.070000e+24
Mtt:       4.920000e+24
Mpp:      -3.840000e+24
Mrt:       1.500000e+24
Mrp:       2.390000e+24
Mtp:       1.220000e+25
