 PDEW2009 12  4  6  2 19.00  37.9200   28.7300   5.0 5.1 4.9 TURKEY                                  
event name:     200912040602A  
time shift:      4.0000
half duration:   0.7000
latitude:       37.9000
longitude:      28.6900
depth:          13.6300
Mrr:      -2.660000e+23
Mtt:       2.820000e+23
Mpp:      -1.540000e+22
Mrt:      -6.550000e+22
Mrp:       1.290000e+23
Mtp:      -1.180000e+23

