PDE 2010  8  3 12  8 26.00   1.2400  126.2100  41.0 6.1 6.3 NORTHERN MOLUCCA SEA                    
event name:     201008031208A  
time shift:      4.4400
half duration:   3.4000
latitude:        1.4000
longitude:     126.4000
depth:          40.8400
Mrr:       3.250000e+25
Mtt:      -2.570000e+24
Mpp:      -2.990000e+25
Mrt:       4.190000e+24
Mrp:       1.830000e+24
Mtp:      -1.530000e+25
