PDE 2008  3 13 13 28 44.80 -45.4900   35.0100  10.0 5.3 6.0 PRINCE EDWARD ISLANDS RE                
event name:     200803131328A  
time shift:      5.4300
half duration:   2.5000
latitude:      -45.3200
longitude:      35.0800
depth:          21.9500
Mrr:      -5.380000e+23
Mtt:       7.470000e+24
Mpp:      -6.940000e+24
Mrt:      -6.360000e+23
Mrp:      -1.280000e+24
Mtp:       1.050000e+25
