PDE 2008  8 25 13 21 58.80  30.9000   83.5200  12.0 6.2 6.7 XIZANG                                  
event name:     200808251322A  
time shift:      9.7300
half duration:   5.4000
latitude:       30.6100
longitude:      83.5100
depth:          17.2800
Mrr:      -1.020000e+26
Mtt:      -3.770000e+25
Mpp:       1.400000e+26
Mrt:      -5.600000e+25
Mrp:       2.040000e+25
Mtp:       1.080000e+25
