PDE 2008  4 15 22 59 51.30  51.8500 -179.3600  10.0 6.1 6.4 ANDREANOF ISLANDS, ALEUT                
event name:     200804152259A  
time shift:      4.8900
half duration:   4.1000
latitude:       51.7800
longitude:    -179.2900
depth:          12.0000
Mrr:      -2.270000e+24
Mtt:       1.710000e+25
Mpp:      -1.490000e+25
Mrt:       9.330000e+24
Mrp:      -1.570000e+25
Mtp:      -5.390000e+25
