PDE 2011  9 22  3 22 36.10  39.7800   38.8400   5.0 5.6 5.6 TURKEY                                  
event name:     201109220322A  
time shift:      2.3500
half duration:   1.5000
latitude:       39.6800
longitude:      38.6000
depth:          16.0800
Mrr:      -9.700000e+22
Mtt:      -2.240000e+24
Mpp:       2.340000e+24
Mrt:       4.860000e+23
Mrp:      -4.160000e+23
Mtp:       1.300000e+24
