PDE 2009 10 30  7  3 39.10  29.2200  129.7800  34.0 6.3 6.8 RYUKYU ISLANDS, JAPAN                   
event name:     200910300703A  
time shift:      6.5200
half duration:   6.0000
latitude:       28.9700
longitude:     130.2200
depth:          37.9400
Mrr:       1.500000e+26
Mtt:      -4.680000e+25
Mpp:      -1.040000e+26
Mrt:       7.400000e+25
Mrp:       6.870000e+25
Mtp:      -7.560000e+25
