PDE 2013  7 24  3 32 33.60 -23.1300 -177.2200 155.5 5.5 5.9 SOUTH OF FIJI ISLANDS                   
event name:     201307240332A  
time shift:      4.0800
half duration:   2.3000
latitude:      -23.2300
longitude:    -176.8100
depth:         169.1600
Mrr:      -1.180000e+24
Mtt:       1.690000e+24
Mpp:      -5.190000e+23
Mrt:      -3.380000e+24
Mrp:      -9.690000e+24
Mtp:       2.220000e+24
