 PDEW2014 11 10  6 16 40.50  37.1400   28.7800  12.9 0.0 4.8 TURKEY                                  
event name:     201411100616A  
time shift:      0.8500
half duration:   0.6000
latitude:       37.1000
longitude:      28.6800
depth:          16.9400
Mrr:      -2.100000e+23
Mtt:       1.680000e+23
Mpp:       4.280000e+22
Mrt:      -3.100000e+22
Mrp:       7.510000e+22
Mtp:      -6.350000e+22

