PDE 2011  9 14 18 10  9.00  53.1100  172.9800  15.0 6.1 6.0 NEAR ISLANDS, ALEUTIAN I                
event name:     201109141810A  
time shift:      3.6100
half duration:   2.5000
latitude:       53.0700
longitude:     172.9700
depth:          13.4200
Mrr:       5.240000e+23
Mtt:      -1.650000e+24
Mpp:       1.130000e+24
Mrt:      -4.300000e+22
Mrp:      -7.410000e+24
Mtp:      -1.200000e+25
