PDE 2012  8 31 12 47 33.40  10.8100  126.6400  28.0 7.2 7.6 PHILIPPINE ISLANDS REGIO                
event name:     201208311247A  
time shift:     10.4000
half duration:  15.7000
latitude:       10.8500
longitude:     126.9700
depth:          45.2000
Mrr:       2.970000e+27
Mtt:       5.310000e+26
Mpp:      -3.500000e+27
Mrt:      -7.510000e+26
Mrp:      -4.270000e+26
Mtp:      -1.470000e+26
