 PDEW2008  6 21  5 57 16.20  36.1000   21.9300  17.0 4.8 4.8 SOUTHERN GREECE                         
event name:     200806210557A  
time shift:      4.7900
half duration:   1.0000
latitude:       36.1100
longitude:      21.8200
depth:          12.6100
Mrr:       7.020000e+23
Mtt:      -6.220000e+23
Mpp:      -8.030000e+22
Mrt:       2.950000e+23
Mrp:      -1.570000e+23
Mtp:       4.230000e+23

