PDE 2008  4 16  0 35 48.90 -18.6100 -175.7000  10.0 5.6 6.3 TONGA ISLANDS                           
event name:     200804160035A  
time shift:      7.1600
half duration:   3.3000
latitude:      -18.4500
longitude:    -175.5800
depth:          12.0000
Mrr:      -2.260000e+24
Mtt:      -1.090000e+25
Mpp:       1.310000e+25
Mrt:       2.290000e+24
Mrp:       1.080000e+24
Mtp:      -2.940000e+25
