PDE 2010  9 26 12 12 41.70  -5.3100  133.9200  30.0 6.1 6.0 ARU ISLANDS REGION, INDO                
event name:     201009261212A  
time shift:      2.2700
half duration:   2.4000
latitude:       -5.2000
longitude:     133.9100
depth:          18.9300
Mrr:      -9.760001e+24
Mtt:      -5.000000e+22
Mpp:       9.810001e+24
Mrt:       2.070000e+23
Mrp:       5.360000e+24
Mtp:       2.840000e+24
