PDE 2009  1  8 19 21 35.60  10.1600  -84.2000  14.0 5.7 6.1 COSTA RICA                              
event name:     200901081921A  
time shift:      5.5400
half duration:   2.7000
latitude:       10.2300
longitude:     -84.1100
depth:          12.0000
Mrr:       2.890000e+24
Mtt:      -1.810000e+25
Mpp:       1.520000e+25
Mrt:      -4.690000e+24
Mrp:      -1.490000e+24
Mtp:      -4.860000e+24
