PDE 2008  4  9 12 46 12.70 -20.0700  168.8900  33.0 6.3 7.3 LOYALTY ISLANDS                         
event name:     200804091246A  
time shift:     11.0600
half duration:  10.9000
latitude:      -20.1200
longitude:     168.8000
depth:          35.2300
Mrr:       9.440001e+26
Mtt:      -1.600000e+26
Mpp:      -7.840000e+26
Mrt:       3.640000e+26
Mrp:      -4.730000e+26
Mtp:       4.030000e+26
