PDE 2009 11 17 15 30 45.40  52.1300 -131.4000   3.3 6.0 6.6 QUEEN CHARLOTTE ISLANDS                 
event name:     200911171530A  
time shift:      9.9800
half duration:   4.7000
latitude:       51.9300
longitude:    -131.6700
depth:          15.5700
Mrr:       9.810001e+24
Mtt:      -2.990000e+25
Mpp:       2.010000e+25
Mrt:       2.140000e+25
Mrp:      -2.550000e+25
Mtp:       8.320000e+25
