PDE 2015  7  7  5 10 27.30  43.9900  147.9400  38.2 0.0 6.3 KURIL ISLANDS                           
event name:     201507070510A  
time shift:      4.3700
half duration:   3.5000
latitude:       43.9400
longitude:     148.2100
depth:          57.7700
Mrr:       2.200000e+25
Mtt:       1.250000e+24
Mpp:      -2.320000e+25
Mrt:       2.490000e+25
Mrp:       1.280000e+25
Mtp:      -6.480000e+24
