PDE 2015  7 10  4 12 42.00  -9.3100  158.4200  10.0 0.0 6.7 SOLOMON ISLANDS                         
event name:     201507100412A  
time shift:      4.7800
half duration:   5.4000
latitude:       -9.3900
longitude:     158.3700
depth:          12.0000
Mrr:       7.230000e+24
Mtt:      -3.390000e+25
Mpp:       2.670000e+25
Mrt:       9.869999e+24
Mrp:      -1.010000e+25
Mtp:       1.340000e+26
