PDE 2008 11 12 14  3 18.30  38.8400   35.5200  10.0 4.8 4.9 TURKEY                                  
event name:     200811121403A  
time shift:      2.9500
half duration:   0.9000
latitude:       38.9200
longitude:      35.4600
depth:          17.0200
Mrr:      -1.150000e+23
Mtt:      -4.380000e+23
Mpp:       5.530000e+23
Mrt:       1.610000e+23
Mrp:      -6.880000e+22
Mtp:       6.460000e+22
