PDEW 2013  7 21  1 32 24.00  43.5000   13.6700   8.4 5.4 4.9 CENTRAL ITALY                           
event name:     201307210132A  
time shift:      3.3900
half duration:   0.9000
latitude:       43.4800
longitude:      13.6800
depth:          12.0000
Mrr:       4.450000e+23
Mtt:      -3.180000e+23
Mpp:      -1.260000e+23
Mrt:      -9.750000e+22
Mrp:       1.270000e+23
Mtp:       4.250000e+23

