PDE 2009  2 28 14 33  6.30 -60.5300  -24.8000  15.0 6.1 6.3 SOUTH SANDWICH ISLANDS R                
event name:     200902281433A  
time shift:      6.0400
half duration:   3.4000
latitude:      -61.0300
longitude:     -24.3900
depth:          17.0000
Mrr:      -1.880000e+25
Mtt:       5.750000e+24
Mpp:       1.300000e+25
Mrt:       8.590000e+24
Mrp:       1.960000e+25
Mtp:       2.420000e+25
