PDE 2015  4 20  1 42 58.40  24.2000  122.3200  29.0 0.0 6.4 TAIWAN REGION                           
event name:     201504200142A  
time shift:      2.5200
half duration:   3.7000
latitude:       23.9600
longitude:     122.3100
depth:          34.3600
Mrr:       3.440000e+25
Mtt:      -3.570000e+25
Mpp:       1.250000e+24
Mrt:       2.400000e+25
Mrp:       2.080000e+24
Mtp:       6.170000e+24
