PDE 2010  2 18  1 13 19.50  42.5900  130.7000 577.7 6.3 6.9 E. RUSSIA-N.E. CHINA BOR                
event name:     201002180113A  
time shift:      3.6700
half duration:   6.7000
latitude:       42.4800
longitude:     130.6600
depth:         578.6700
Mrr:       2.670000e+25
Mtt:       1.920000e+25
Mpp:      -4.590000e+25
Mrt:       2.340000e+25
Mrp:      -2.500000e+26
Mtp:      -5.910000e+25
