PDE 2008  6 27 11 40 14.00  11.0100   91.8200  17.0 6.4 6.7 ANDAMAN ISLANDS, INDIA R                
event name:     200806271140A  
time shift:      5.1800
half duration:   4.7000
latitude:       10.9200
longitude:      91.8200
depth:          17.0900
Mrr:      -5.630000e+25
Mtt:      -4.120000e+25
Mpp:       9.750000e+25
Mrt:      -1.950000e+25
Mrp:       1.570000e+25
Mtp:       2.360000e+25
