PDE 2008  2 14 12  8 55.80  36.3500   21.8600  28.0 5.9 6.2 SOUTHERN GREECE                         
event name:     200802141208A  
time shift:      6.8900
half duration:   4.0000
latitude:       36.2900
longitude:      21.6700
depth:          15.0000
Mrr:       1.190000e+25
Mtt:      -5.090000e+24
Mpp:      -6.800000e+24
Mrt:       6.950000e+25
Mrp:      -3.950000e+25
Mtp:       7.560000e+24
