PDE 2010 12 25 13 16 37.00 -19.7000  167.9400  16.0 6.8 7.4 VANUATU ISLANDS REGION                  
event name:     201012251316A  
time shift:     14.3700
half duration:  10.9000
latitude:      -19.6700
longitude:     168.0400
depth:          16.6200
Mrr:      -1.020000e+27
Mtt:       6.970000e+25
Mpp:       9.550000e+26
Mrt:      -4.160000e+26
Mrp:      -1.220000e+26
Mtp:      -3.470000e+26
