PDE 2009  1 15 17 49 39.10  46.8600  155.1500  36.0 6.9 7.5 EAST OF KURIL ISLANDS                   
event name:     200901151749A  
time shift:      9.2200
half duration:  12.0000
latitude:       46.9700
longitude:     155.3900
depth:          45.1900
Mrr:       1.410000e+27
Mtt:       4.490000e+25
Mpp:      -1.450000e+27
Mrt:      -1.140000e+26
Mrp:      -4.610000e+25
Mtp:      -4.520000e+26
