PDE 2008  7  8  7 42 10.70  27.5300  128.3300  43.0 6.0 6.0 RYUKYU ISLANDS, JAPAN                   
event name:     200807080742A  
time shift:      2.7700
half duration:   2.4000
latitude:       27.3100
longitude:     128.6500
depth:          50.9900
Mrr:       1.050000e+25
Mtt:      -3.950000e+24
Mpp:      -6.510000e+24
Mrt:       3.160000e+24
Mrp:       3.320000e+24
Mtp:      -5.580000e+24
