PDE 2013  7 15 14  3 39.90 -60.8600  -25.0700  11.0 6.5 7.3 SOUTH SANDWICH ISLANDS R                
event name:     201307151403A  
time shift:     27.2100
half duration:  11.3000
latitude:      -61.0500
longitude:     -23.5100
depth:          21.5300
Mrr:      -2.990000e+26
Mtt:       2.380000e+26
Mpp:       6.050000e+25
Mrt:       3.470000e+26
Mrp:       2.080000e+24
Mtp:       1.180000e+27
