PDE 2008  5 23 19 35 34.90   7.3100  -34.9000   9.0 6.0 6.5 CENTRAL MID-ATLANTIC RID                
event name:     200805231935A  
time shift:      5.9800
half duration:   4.2000
latitude:        7.5100
longitude:     -35.0100
depth:          12.6100
Mrr:      -1.190000e+24
Mtt:       1.670000e+23
Mpp:       1.020000e+24
Mrt:      -1.870000e+24
Mrp:      -7.530000e+24
Mtp:      -6.390000e+25
