PDE 2013  5 20  9 49  4.50 -44.8700  -80.7500  10.0 5.5 6.4 OFF COAST OF SOUTHERN CH                
event name:     201305200949A  
time shift:      5.0500
half duration:   3.4000
latitude:      -44.9500
longitude:     -80.9900
depth:          19.1300
Mrr:      -2.300000e+24
Mtt:       1.370000e+25
Mpp:      -1.140000e+25
Mrt:       4.690000e+24
Mrp:      -8.720000e+23
Mtp:      -3.280000e+25
