PDE 2015  5 29  7  0  9.20  56.6600 -156.5100  70.0 0.0 6.8 ALASKA PENINSULA                        
event name:     201505290700A  
time shift:      4.5700
half duration:   6.1000
latitude:       56.7100
longitude:    -156.5200
depth:          81.1000
Mrr:       3.790000e+25
Mtt:      -2.000000e+25
Mpp:      -1.800000e+25
Mrt:       6.260000e+25
Mrp:       9.720000e+25
Mtp:       1.580000e+26
