PDE 2011  3 11 18 59 16.50  37.0100  138.3800   9.3 6.1 6.3 NEAR WEST COAST OF HONSH                
event name:     201103111859A  
time shift:      4.8400
half duration:   3.4000
latitude:       37.0600
longitude:     138.6000
depth:          12.0000
Mrr:       2.350000e+25
Mtt:      -1.430000e+25
Mpp:      -9.210000e+24
Mrt:      -2.030000e+25
Mrp:      -5.140001e+24
Mtp:      -1.960000e+25
