PDE 2010  2 27  6 34 15.60 -35.8500  -72.7100  44.8 0.0 8.3 NEAR COAST OF CENTRAL CH                
event name:     201002270634A  
time shift:     58.9400
half duration:  60.0000
latitude:      -35.9800
longitude:     -73.1500
depth:          23.1700
Mrr:       1.040000e+29
Mtt:      -3.920000e+27
Mpp:      -1.000000e+29
Mrt:       3.040000e+28
Mrp:      -1.520000e+29
Mtp:      -1.190000e+28
