PDE 2011 12 11  9 54 55.20 -56.0100  -28.1800 116.0 6.1 6.2 SOUTH SANDWICH ISLANDS R                
event name:     201112110954A  
time shift:      4.5700
half duration:   3.3000
latitude:      -55.9700
longitude:     -27.7800
depth:         123.1300
Mrr:       2.260000e+25
Mtt:      -2.330000e+25
Mpp:       6.470000e+23
Mrt:      -9.210000e+24
Mrp:      -1.410000e+25
Mtp:       1.090000e+25
