PDE 2013  7 26  7  7 15.60 -15.3800  167.6900 124.0 5.4 6.1 VANUATU ISLANDS                         
event name:     201307260707A  
time shift:      3.5100
half duration:   2.7000
latitude:      -15.3000
longitude:     167.3200
depth:         131.0100
Mrr:       1.390000e+25
Mtt:       1.900000e+24
Mpp:      -1.580000e+25
Mrt:      -5.290000e+24
Mrp:      -2.040000e+24
Mtp:       1.850000e+24
