 PDEW2009 12 14  6 41 12.80  32.8600   -0.0800  10.0 4.9 0.0 NORTHERN ALGERIA                        
event name:     200912140641A  
time shift:      2.2900
half duration:   0.7000
latitude:       32.9400
longitude:      -0.2600
depth:          14.8300
Mrr:       2.240000e+23
Mtt:       8.450000e+22
Mpp:      -3.090000e+23
Mrt:       4.380000e+22
Mrp:      -1.310000e+23
Mtp:      -4.630000e+22

