PDE 2008  5  9 21 51 29.70  12.5200  143.1800  76.0 6.1 6.7 SOUTH OF MARIANA ISLANDS                
event name:     200805092151A  
time shift:      6.1500
half duration:   5.8000
latitude:       12.3600
longitude:     143.2800
depth:          83.3500
Mrr:      -7.920000e+25
Mtt:      -8.460000e+25
Mpp:       1.640000e+26
Mrt:       8.700000e+25
Mrp:       8.060000e+24
Mtp:       2.470000e+24
