PDE 2014  8 18  2 32  5.30  32.7000   47.6900  10.2 0.0 6.2 IRAN-IRAQ BORDER REGION                 
event name:     201408180232A  
time shift:      4.7000
half duration:   3.1000
latitude:       32.5900
longitude:      47.5300
depth:          12.0000
Mrr:       1.590000e+25
Mtt:      -1.420000e+25
Mpp:      -1.710000e+24
Mrt:       1.490000e+25
Mrp:      -6.530000e+24
Mtp:       1.440000e+25
