PDE 2012 12 17  9 16 30.90  -0.6500  123.8100  44.2 6.0 6.1 MINAHASSA PENINSULA, SUL                
event name:     201212170916A  
time shift:      1.6200
half duration:   2.8000
latitude:       -0.6900
longitude:     123.9300
depth:          36.9900
Mrr:      -1.080000e+24
Mtt:       1.510000e+25
Mpp:      -1.400000e+25
Mrt:       3.500000e+23
Mrp:       1.140000e+25
Mtp:       2.260000e+24
