 PDEW2011  8 14  1  5  2.50  37.2300   22.0100   0.0 4.9 4.9 SOUTHERN GREECE                         
event name:     201108140105A  
time shift:      2.9000
half duration:   0.7000
latitude:       37.3900
longitude:      21.8100
depth:          12.0000
Mrr:      -3.060000e+23
Mtt:       2.520000e+22
Mpp:       2.800000e+23
Mrt:       1.010000e+23
Mrp:      -6.320000e+22
Mtp:      -8.770000e+22

