PDE 2008  8 27  1 35 32.20  51.6100  104.1600  16.0 5.8 6.2 LAKE BAYKAL REGION, RUSS                
event name:     200808270135A  
time shift:      6.4100
half duration:   3.4000
latitude:       51.7600
longitude:     104.0200
depth:          23.4600
Mrr:      -2.020000e+25
Mtt:       2.950000e+25
Mpp:      -9.310001e+24
Mrt:      -1.180000e+25
Mrp:       1.260000e+25
Mtp:       1.350000e+25
