 PDEW2015  1 28 15 54 39.00  34.4600   25.0900  37.0 0.0 5.1 CRETE, GREECE                           
event name:     201501281554A  
time shift:     -0.0300
half duration:   1.1000
latitude:       34.1900
longitude:      25.0500
depth:          24.0000
Mrr:       4.200000e+23
Mtt:      -4.800000e+23
Mpp:       5.980000e+22
Mrt:       9.660000e+23
Mrp:      -4.210000e+23
Mtp:       7.550000e+22

