 PDEW2014  5 25 11 38 38.00  40.4200   26.1400  13.1 0.0 4.9 TURKEY                                  
event name:     201405251138A  
time shift:      5.2200
half duration:   0.7000
latitude:       40.4100
longitude:      26.2200
depth:          20.0200
Mrr:      -8.260000e+22
Mtt:       1.870000e+23
Mpp:      -1.050000e+23
Mrt:      -6.510000e+22
Mrp:       4.710000e+22
Mtp:      -2.780000e+23

