PDE 2012 12 14 10 36  1.60  31.0900 -119.6600  13.0 6.2 6.4 OFF W. COAST OF BAJA CAL                
event name:     201212141036A  
time shift:      3.1400
half duration:   3.7000
latitude:       31.0800
longitude:    -119.6100
depth:          21.1500
Mrr:      -4.030000e+25
Mtt:       9.030000e+24
Mpp:       3.130000e+25
Mrt:      -5.300000e+24
Mrp:      -7.640000e+24
Mtp:       2.590000e+25
