PDE 2013  4 19 19 58 40.20  49.9700  157.6500  15.0 5.9 6.1 EAST OF KURIL ISLANDS                   
event name:     201304191958A  
time shift:      5.4400
half duration:   2.6000
latitude:       49.9200
longitude:     157.9500
depth:          17.8000
Mrr:       1.260000e+25
Mtt:      -3.860000e+24
Mpp:      -8.710000e+24
Mrt:       4.780000e+24
Mrp:       7.960000e+24
Mtp:      -6.060000e+24
