PDE 2013  2  1 22 18 33.10 -11.1200  165.3800  10.0 5.7 6.4 SANTA CRUZ ISLANDS                      
event name:     201302012218A  
time shift:      8.8900
half duration:   3.7000
latitude:      -11.2400
longitude:     165.3000
depth:          14.4300
Mrr:       2.440000e+25
Mtt:      -8.940001e+24
Mpp:      -1.550000e+25
Mrt:       2.020000e+25
Mrp:      -2.720000e+25
Mtp:       1.340000e+25
