PDE 2010  4 24  7 41  0.40  -1.9100  128.1200  27.0 6.0 6.0 HALMAHERA, INDONESIA                    
event name:     201004240741A  
time shift:      4.6000
half duration:   2.3000
latitude:       -1.7900
longitude:     128.0500
depth:          36.9700
Mrr:       3.960000e+24
Mtt:       5.660000e+24
Mpp:      -9.620000e+24
Mrt:       1.480000e+24
Mrp:       4.750000e+24
Mtp:       5.310000e+24
