 PDEW2011  2 28  7 49  7.00  34.9800   25.4200  53.0 5.2 0.0 CRETE, GREECE                           
event name:     201102280749A  
time shift:      1.3500
half duration:   1.7000
latitude:       34.7300
longitude:      25.5600
depth:          32.5900
Mrr:       7.840000e+23
Mtt:      -8.110000e+23
Mpp:       2.790000e+22
Mrt:       4.360000e+24
Mrp:      -1.840000e+23
Mtp:      -1.610000e+23

