PDE 2010 12  1 16  1 27.40 -15.8900 -178.9600  15.2 5.6 6.1 FIJI ISLANDS REGION                     
event name:     201012011601A  
time shift:      4.1900
half duration:   2.4000
latitude:      -15.7700
longitude:    -178.8100
depth:          14.9600
Mrr:       6.470000e+23
Mtt:      -5.370000e+24
Mpp:       4.720000e+24
Mrt:       1.250000e+24
Mrp:      -2.560000e+23
Mtp:       1.090000e+25
