PDE 2010  5  6  2 42 47.90 -18.0600  -70.5500  37.0 6.7 6.2 NEAR COAST OF NORTHERN C                
event name:     201005060242A  
time shift:      6.0100
half duration:   3.1000
latitude:      -18.3200
longitude:     -71.2500
depth:          52.6400
Mrr:       2.260000e+25
Mtt:       2.850000e+24
Mpp:      -2.540000e+25
Mrt:       4.580000e+24
Mrp:      -6.890000e+24
Mtp:       6.280000e+24
