 PDEW2008  6 22  0 40 10.90  36.1700   21.9800  22.0 4.2 4.2 SOUTHERN GREECE                         
event name:     200806220040A  
time shift:      3.3600
half duration:   0.6000
latitude:       36.1400
longitude:      21.8100
depth:          15.8800
Mrr:       1.850000e+23
Mtt:      -1.490000e+23
Mpp:      -3.630000e+22
Mrt:       7.430000e+22
Mrp:      -3.450000e+22
Mtp:       7.410000e+22

