PDE 2008  4 11 17 45  5.60 -20.4000  168.8200  35.0 5.7 6.0 LOYALTY ISLANDS                         
event name:     200804111745A  
time shift:      4.7400
half duration:   2.6000
latitude:      -20.4700
longitude:     168.6800
depth:          21.6300
Mrr:       1.140000e+25
Mtt:      -3.000000e+24
Mpp:      -8.430000e+24
Mrt:       6.210001e+24
Mrp:      -5.820000e+24
Mtp:       5.880000e+24
