PDE 2011 10  7  8 58 28.60 -32.5400 -179.0400  34.0 5.9 6.1 SOUTH OF KERMADEC ISLAND                
event name:     201110070858A  
time shift:      4.7400
half duration:   2.8000
latitude:      -32.4900
longitude:    -178.7300
depth:          48.6200
Mrr:       1.570000e+25
Mtt:      -2.580000e+24
Mpp:      -1.310000e+25
Mrt:       3.960000e+24
Mrp:       7.150000e+24
Mtp:      -6.940000e+24
