PDE 2009  9 30 10 16  9.20  -0.7200   99.8700  81.0 7.1 7.5 SOUTHERN SUMATRA, INDONE                
event name:     200909301016A  
time shift:      8.1900
half duration:  14.7000
latitude:       -0.7900
longitude:      99.6700
depth:          77.7600
Mrr:       1.760000e+27
Mtt:      -7.650000e+26
Mpp:      -9.920000e+26
Mrt:       6.580001e+26
Mrp:      -9.910000e+26
Mtp:      -1.940000e+27
