PDE 2011  1  9 17 21 51.70 -19.2000  168.1500  18.0 5.7 6.2 VANUATU ISLANDS                         
event name:     201101091721A  
time shift:      5.9600
half duration:   3.0000
latitude:      -19.3100
longitude:     168.1300
depth:          12.0000
Mrr:      -2.050000e+25
Mtt:       9.370000e+24
Mpp:       1.120000e+25
Mrt:      -9.590000e+24
Mrp:       2.500000e+24
Mtp:      -1.170000e+25
