PDE 2011  3 26 22 49 41.50 -15.8500 -179.4100  10.0 5.7 6.1 FIJI ISLANDS REGION                     
event name:     201103262249A  
time shift:      3.6000
half duration:   2.6000
latitude:      -15.7900
longitude:    -179.2600
depth:          12.1600
Mrr:       1.170000e+24
Mtt:      -1.250000e+25
Mpp:       1.140000e+25
Mrt:      -1.990000e+24
Mrp:       1.290000e+23
Mtp:       7.750000e+24
