 PDEW2010  5 23 13 28 18.00  35.9800    4.1500  10.0 4.8 0.0 NORTHERN ALGERIA                        
event name:     201005231328A  
time shift:      2.2900
half duration:   0.9000
latitude:       35.8800
longitude:       4.1700
depth:          12.0000
Mrr:       1.880000e+23
Mtt:      -4.030000e+23
Mpp:       2.150000e+23
Mrt:       1.750000e+22
Mrp:      -3.050000e+23
Mtp:      -5.450000e+23

