 PDEW2013  8  9 13 10 10.40  38.7000   22.6600   0.1 4.8 4.7 GREECE                                  
event name:     201308091310A  
time shift:      0.3100
half duration:   0.8000
latitude:       38.5400
longitude:      22.7300
depth:          17.1100
Mrr:      -3.580000e+23
Mtt:       3.530000e+23
Mpp:       4.830000e+21
Mrt:       4.170000e+22
Mrp:      -1.760000e+23
Mtp:      -2.270000e+22

