PDE 2011  9  5  9 52  1.10 -15.3000 -173.6200  37.0 6.2 6.3 TONGA ISLANDS                           
event name:     201109050952A  
time shift:      6.7400
half duration:   3.1000
latitude:      -15.1800
longitude:    -173.4400
depth:          54.3400
Mrr:      -2.290000e+24
Mtt:       4.570000e+24
Mpp:      -2.280000e+24
Mrt:      -2.600000e+25
Mrp:       3.490000e+24
Mtp:       2.270000e+24
