PDE 2014  3  5  9 56 57.80 -14.7400  169.8200 638.0 0.0 6.3 VANUATU ISLANDS                         
event name:     201403050956A  
time shift:      5.6800
half duration:   3.8000
latitude:      -14.6400
longitude:     169.8000
depth:         660.5800
Mrr:      -3.070000e+24
Mtt:       1.800000e+25
Mpp:      -1.490000e+25
Mrt:      -2.640000e+25
Mrp:       3.330000e+25
Mtp:      -6.850000e+24
