PDE 2010  1 18 15 56  9.00  38.4000   21.9600   0.8 5.3 5.5 GREECE                                  
event name:     201001181556A  
time shift:      4.3600
half duration:   1.3000
latitude:       38.3200
longitude:      22.0500
depth:          13.9100
Mrr:      -1.730000e+24
Mtt:       2.030000e+24
Mpp:      -3.030000e+23
Mrt:       2.440000e+22
Mrp:      -5.040000e+23
Mtp:      -3.800000e+23
