PDE 2008  6 22 23 56 30.00  67.7000  141.2800  18.0 6.1 6.1 EASTERN SIBERIA, RUSSIA                 
event name:     200806222356A  
time shift:      8.9700
half duration:   2.8000
latitude:       67.7100
longitude:     141.4300
depth:          21.4900
Mrr:       1.150000e+25
Mtt:      -7.100000e+24
Mpp:      -4.360000e+24
Mrt:       6.030000e+24
Mrp:       6.080000e+24
Mtp:       1.430000e+25
