PDE 2013  4 23 23 14 40.60  -3.9000  152.1300  10.0 6.0 6.5 NEW IRELAND REGION, P.N.                
event name:     201304232314A  
time shift:      8.1600
half duration:   4.3000
latitude:       -3.8200
longitude:     152.3200
depth:          14.1200
Mrr:       1.080000e+24
Mtt:       6.570000e+25
Mpp:      -6.680000e+25
Mrt:      -8.390000e+23
Mrp:      -5.190000e+24
Mtp:       1.270000e+25
