PDE 2009  3 30  7 13  7.30  56.5500 -152.7400  21.0 5.9 5.9 KODIAK ISLAND REGION, AL                
event name:     200903300713A  
time shift:      1.4900
half duration:   2.4000
latitude:       56.2600
longitude:    -152.6400
depth:          12.0000
Mrr:       2.760000e+23
Mtt:      -6.250000e+23
Mpp:       3.490000e+23
Mrt:       1.170000e+25
Mrp:       7.370000e+24
Mtp:      -6.280001e+23
