PDE 2010  5 16  6 52 42.60  36.0000    3.9400  10.0 5.0 5.0 NORTHERN ALGERIA                        
event name:     201005160652A  
time shift:      0.5200
half duration:   0.9000
latitude:       35.9700
longitude:       4.1900
depth:          12.0000
Mrr:       5.020000e+23
Mtt:      -1.760000e+23
Mpp:      -3.260000e+23
Mrt:      -2.050000e+23
Mrp:       2.030000e+23
Mtp:      -3.730000e+23
