PDE 2010  2  1 22 28 16.90  -6.1100  154.4600  32.0 5.6 6.2 SOLOMON ISLANDS                         
event name:     201002012228A  
time shift:      5.3900
half duration:   3.0000
latitude:       -6.3900
longitude:     154.3500
depth:          40.2100
Mrr:       2.260000e+25
Mtt:      -1.220000e+25
Mpp:      -1.040000e+25
Mrt:       2.570000e+24
Mrp:      -3.810000e+24
Mtp:       1.330000e+25
