PDE 2008  3 29 17 30 50.20   2.8600   95.3000  20.0 5.8 6.5 OFF W COAST OF NORTHERN                 
event name:     200803291730A  
time shift:      7.6000
half duration:   3.6000
latitude:        2.6600
longitude:      95.1700
depth:          20.0000
Mrr:       1.180000e+25
Mtt:      -7.590000e+24
Mpp:      -4.180000e+24
Mrt:       2.660000e+25
Mrp:      -2.710000e+25
Mtp:       8.140000e+24
