PDE 2012  5  3 15 20 25.70  39.1700   29.0900   3.1 5.0 5.4 TURKEY                                  
event name:     201205031520A  
time shift:      1.7000
half duration:   1.0000
latitude:       39.0600
longitude:      29.1700
depth:          12.0000
Mrr:      -8.250000e+23
Mtt:       9.000000e+23
Mpp:      -7.590000e+22
Mrt:       1.800000e+23
Mrp:      -1.660000e+22
Mtp:      -1.260000e+23
