PDE 2008 11  1  1 13  9.60  -3.4000  148.7100  10.0 5.3 6.0 BISMARCK SEA                            
event name:     200811010113A  
time shift:      5.3000
half duration:   2.4000
latitude:       -3.3100
longitude:     148.8900
depth:          12.3700
Mrr:      -5.020000e+23
Mtt:       7.900000e+24
Mpp:      -7.400000e+24
Mrt:      -1.130000e+24
Mrp:      -1.000000e+22
Mtp:       8.540000e+24
