PDE 2009 10  7 21 41 13.30   4.0800  122.3700 574.0 6.3 6.8 CELEBES SEA                             
event name:     200910072141A  
time shift:      6.3900
half duration:   5.9000
latitude:        4.1100
longitude:     122.5100
depth:         579.5500
Mrr:      -6.260000e+25
Mtt:       7.219999e+24
Mpp:       5.540000e+25
Mrt:      -6.400000e+25
Mrp:      -1.560000e+26
Mtp:       6.090000e+24
