PDE 2012  4 12  7 15 48.50  28.7000 -113.1000  13.0 6.2 7.0 BAJA CALIFORNIA, MEXICO                 
event name:     201204120715A  
time shift:     16.0500
half duration:   8.1000
latitude:       28.5700
longitude:    -112.7600
depth:          15.8300
Mrr:      -2.110000e+25
Mtt:      -4.220000e+26
Mpp:       4.430000e+26
Mrt:      -9.349999e+25
Mrp:      -8.380000e+25
Mtp:      -6.440000e+25
