PDE 2008 11  4 18 35 45.30 -17.1400  168.4600 205.7 5.7 6.3 VANUATU ISLANDS                         
event name:     200811041835A  
time shift:      7.9400
half duration:   3.6000
latitude:      -17.0300
longitude:     168.3100
depth:         231.6500
Mrr:       1.690000e+25
Mtt:      -3.660000e+25
Mpp:       1.980000e+25
Mrt:       3.430000e+24
Mrp:      -1.440000e+25
Mtp:      -2.160000e+25
