PDE 2013  2  8 11 12 11.50 -10.8400  165.9700  12.0 6.3 6.9 SANTA CRUZ ISLANDS                      
event name:     201302081112A  
time shift:     13.9700
half duration:   6.4000
latitude:      -10.9100
longitude:     165.8100
depth:          12.1900
Mrr:      -1.230000e+25
Mtt:       1.500000e+26
Mpp:      -1.380000e+26
Mrt:       2.870000e+24
Mrp:       5.030000e+24
Mtp:      -1.760000e+26
