PDE 2014  3 15  8 59 21.90 -14.0900  -76.3100  20.0 0.0 6.1 NEAR COAST OF PERU                      
event name:     201403150859A  
time shift:      4.8100
half duration:   2.9000
latitude:      -14.1000
longitude:     -76.5300
depth:          21.9000
Mrr:       1.180000e+25
Mtt:      -5.340000e+23
Mpp:      -1.130000e+25
Mrt:       2.860000e+24
Mrp:      -1.560000e+25
Mtp:       4.160000e+24
