 PDEW2014  1 30 11  6 17.40  38.3800   20.5000   5.0 0.0 4.5 GREECE                                  
event name:     201401301106A  
time shift:      0.6900
half duration:   0.6000
latitude:       38.3200
longitude:      20.4200
depth:          23.8300
Mrr:       5.690000e+21
Mtt:       8.470000e+22
Mpp:      -9.040000e+22
Mrt:      -6.480000e+21
Mrp:       3.350000e+22
Mtp:       1.500000e+23

