PDE 2012 12  7  8 18 24.30  37.8900  144.0900  36.1 0.0 7.3 OFF EAST COAST OF HONSHU                
event name:     201212070818B  
time shift:     22.6100
half duration:  11.8000
latitude:       37.7700
longitude:     143.8300
depth:          19.5200
Mrr:      -6.480001e+26
Mtt:      -1.160000e+26
Mpp:       7.640001e+26
Mrt:       3.920000e+25
Mrp:       1.240000e+26
Mtp:       3.140000e+26
