PDE 2012 10 17  4 42 30.40   4.2300  124.5200 326.0 5.9 6.1 CELEBES SEA                             
event name:     201210170442A  
time shift:      1.7200
half duration:   2.5000
latitude:        4.2600
longitude:     124.4900
depth:         333.0600
Mrr:      -9.390000e+24
Mtt:      -1.030000e+24
Mpp:       1.040000e+25
Mrt:      -8.440000e+24
Mrp:      -2.140000e+24
Mtp:      -1.620000e+24
