PDE 2015 10 14  5 43  7.40  48.8500  156.2500   6.0 0.0 5.9 EAST OF KURIL ISLANDS                   
event name:     201510140543A  
time shift:      7.2100
half duration:   2.5000
latitude:       48.8100
longitude:     156.5800
depth:          13.3200
Mrr:       1.000000e+25
Mtt:      -4.030000e+24
Mpp:      -5.990000e+24
Mrt:       5.200000e+24
Mrp:       6.980000e+24
Mtp:      -5.800000e+24
