PDE 2013  3  1 13 20 49.90  50.9600  157.4100  29.0 6.3 6.5 KURIL ISLANDS                           
event name:     201303011320A  
time shift:      5.2700
half duration:   4.5000
latitude:       50.6800
longitude:     157.9000
depth:          41.1400
Mrr:       7.190000e+25
Mtt:      -2.350000e+25
Mpp:      -4.850000e+25
Mrt:       2.210000e+25
Mrp:       2.730000e+25
Mtp:      -3.530000e+25
