PDE 2009 10  7 23 13 48.20 -13.0900  166.5000  31.1 6.4 7.4 VANUATU ISLANDS                         
event name:     200910072313A  
time shift:     12.3600
half duration:  12.3000
latitude:      -13.1200
longitude:     166.3700
depth:          42.5400
Mrr:       1.700000e+27
Mtt:      -2.260000e+26
Mpp:      -1.480000e+27
Mrt:      -1.250000e+26
Mrp:      -1.730000e+26
Mtp:       3.420000e+26
