PDE 2011 11 30  0 47 21.80  38.4700   43.4500   4.3 4.9 5.0 TURKEY                                  
event name:     201111300047A  
time shift:      5.5500
half duration:   1.2000
latitude:       38.3400
longitude:      43.3200
depth:          28.4300
Mrr:       4.690000e+23
Mtt:      -1.030000e+24
Mpp:       5.630000e+23
Mrt:       5.560000e+22
Mrp:       7.900000e+22
Mtp:      -1.200000e+24
