PDE 2014  3  2 20 11 23.40  27.4300  127.3700 119.0 0.0 6.5 RYUKYU ISLANDS, JAPAN                   
event name:     201403022011A  
time shift:      2.2400
half duration:   4.3000
latitude:       27.3400
longitude:     127.4600
depth:         124.8800
Mrr:      -2.690000e+25
Mtt:      -1.470000e+25
Mpp:       4.160000e+25
Mrt:      -2.400000e+25
Mrp:      -3.280000e+25
Mtp:      -3.860000e+25
