PDE 2011  4 21 13 37  3.30  35.5800  140.3000  43.0 5.7 6.2 NEAR EAST COAST OF HONSH                
event name:     201104211337A  
time shift:      3.9600
half duration:   3.0000
latitude:       35.5600
longitude:     140.7800
depth:          42.4900
Mrr:       1.810000e+25
Mtt:       9.200000e+23
Mpp:      -1.900000e+25
Mrt:      -1.750000e+24
Mrp:       1.420000e+25
Mtp:      -2.800000e+24
