PDE 2013  7  7 18 35 30.70  -3.9200  153.9300 385.5 6.5 7.3 NEW IRELAND REGION, P.N.                
event name:     201307071835A  
time shift:     11.7400
half duration:  10.9000
latitude:       -4.1000
longitude:     153.9800
depth:         382.8600
Mrr:      -1.100000e+27
Mtt:       2.390000e+26
Mpp:       8.630000e+26
Mrt:       2.740000e+26
Mrp:       1.390000e+26
Mtp:      -4.210000e+26
