PDE 2014  4 13 13 24 59.70 -11.1300  162.0500  10.0 0.0 6.6 SOLOMON ISLANDS                         
event name:     201404131325A  
time shift:     10.6800
half duration:   5.0000
latitude:      -11.0200
longitude:     162.1700
depth:          24.0100
Mrr:       5.030000e+25
Mtt:      -3.410000e+25
Mpp:      -1.620000e+25
Mrt:       2.060000e+25
Mrp:      -7.580000e+25
Mtp:       6.420000e+25
