PDE 2013 10 31 12  2  8.70  23.5900  121.4400  10.0 0.0 6.3 TAIWAN                                  
event name:     201310311202A  
time shift:      4.2500
half duration:   3.4000
latitude:       23.6400
longitude:     121.3900
depth:          19.9000
Mrr:       2.030000e+25
Mtt:      -1.590000e+25
Mpp:      -4.450000e+24
Mrt:       1.280000e+25
Mrp:      -1.820000e+25
Mtp:      -1.920000e+25
