PDE 2015  9 24 15 53 28.70  -0.6300  131.2600  24.1 0.0 6.6 IRIAN JAYA REGION, INDON                
event name:     201509241553A  
time shift:      5.1700
half duration:   4.7000
latitude:       -0.6100
longitude:     131.2700
depth:          16.8700
Mrr:       9.180000e+25
Mtt:      -6.630000e+25
Mpp:      -2.550000e+25
Mrt:       1.380000e+25
Mrp:       1.220000e+25
Mtp:       3.680000e+25
