PDE 2008  5 25  8 21 48.70  32.5700  105.4200  10.0 5.8 6.0 SICHUAN, CHINA                          
event name:     200805250821A  
time shift:      3.7100
half duration:   2.6000
latitude:       32.5700
longitude:     105.4500
depth:          26.9500
Mrr:      -3.420000e+23
Mtt:       1.400000e+25
Mpp:      -1.370000e+25
Mrt:       1.460000e+24
Mrp:      -1.170000e+24
Mtp:      -7.540000e+24
