PDE 2015  4 26  7  9 10.70  27.7700   86.0200  22.9 0.0 6.7 NEPAL                                   
event name:     201504260709A  
time shift:      9.4500
half duration:   5.4000
latitude:       27.5600
longitude:      85.9500
depth:          20.6100
Mrr:       5.980000e+25
Mtt:      -6.720000e+25
Mpp:       7.430000e+24
Mrt:       1.200000e+26
Mrp:      -2.330000e+25
Mtp:       2.050000e+25
