PDE 2010  2 23 10 25 56.80  32.5100   48.2900  35.0 5.2 5.2 WESTERN IRAN                            
event name:     201002231025A  
time shift:      0.7800
half duration:   0.9000
latitude:       32.6000
longitude:      48.2100
depth:          15.4900
Mrr:       5.450000e+23
Mtt:      -6.270000e+23
Mpp:       8.220000e+22
Mrt:      -1.260000e+23
Mrp:       1.900000e+23
Mtp:       3.250000e+23
