PDE 2014  1 21  1 29  7.00 -15.1400 -174.6800   6.1 0.0 6.1 TONGA ISLANDS                           
event name:     201401210129A  
time shift:     12.9700
half duration:   3.0000
latitude:      -15.2700
longitude:    -174.8600
depth:          12.0000
Mrr:      -2.330000e+24
Mtt:       1.560000e+25
Mpp:      -1.330000e+25
Mrt:       3.950000e+24
Mrp:      -1.940000e+24
Mtp:       1.750000e+25
