PDE 2008 11  7 16  4 23.40  -6.7100  129.0700  10.0 5.9 6.2 BANDA SEA                               
event name:     200811071604A  
time shift:      5.2300
half duration:   3.0000
latitude:       -6.6200
longitude:     129.2400
depth:          20.4900
Mrr:       1.870000e+24
Mtt:      -2.340000e+25
Mpp:       2.160000e+25
Mrt:      -1.660000e+24
Mrp:       3.700000e+24
Mtp:       2.870000e+24
