PDE 2015  3 31 12 18 24.20  -4.8900  152.4900  39.0 0.0 6.0 NEW BRITAIN REGION, P.N.                
event name:     201503311218A  
time shift:      5.9300
half duration:   2.4000
latitude:       -5.0700
longitude:     152.4300
depth:          47.2500
Mrr:       1.070000e+25
Mtt:      -1.110000e+25
Mpp:       4.260000e+23
Mrt:       3.100000e+24
Mrp:      -1.950000e+24
Mtp:      -3.630000e+24
