PDE 2013  2 10 18 39 32.10 -10.9400  165.4600  11.0 5.5 6.0 SANTA CRUZ ISLANDS                      
event name:     201302101839A  
time shift:      6.3700
half duration:   2.4000
latitude:      -11.0200
longitude:     165.3200
depth:          12.0400
Mrr:      -8.100000e+24
Mtt:       1.210000e+25
Mpp:      -4.030000e+24
Mrt:      -3.200000e+24
Mrp:      -1.250000e+24
Mtp:      -4.140000e+24
