PDE 2014  7  7 11 23 54.80  14.7600  -92.4300  53.0 0.0 6.9 NEAR COAST OF CHIAPAS, M                
event name:     201407071123A  
time shift:      4.5700
half duration:   6.9000
latitude:       14.8000
longitude:     -92.7000
depth:          62.8800
Mrr:      -2.110000e+26
Mtt:       7.710000e+25
Mpp:       1.340000e+26
Mrt:       1.210000e+26
Mrp:      -1.190000e+26
Mtp:      -1.360000e+26
