PDE 2015  5 30 11 23  2.10  27.8400  140.4900 664.0 0.0 7.8 BONIN ISLANDS, JAPAN REG                
event name:     201505301123A  
time shift:      8.9400
half duration:  20.7000
latitude:       27.9400
longitude:     140.5600
depth:         680.7000
Mrr:      -3.860000e+27
Mtt:      -6.570000e+26
Mpp:       4.520000e+27
Mrt:      -2.870000e+27
Mrp:       5.610000e+27
Mtp:       1.100000e+27
