PDE 2014  1 13  4  1  3.20  19.0400  -66.8100  20.0 0.0 6.4 PUERTO RICO REGION                      
event name:     201401130401A  
time shift:      5.9500
half duration:   3.6000
latitude:       19.2200
longitude:     -66.8200
depth:          22.1100
Mrr:       8.140000e+24
Mtt:      -1.310000e+25
Mpp:       4.990000e+24
Mrt:      -1.260000e+25
Mrp:       3.220000e+25
Mtp:       1.590000e+25
