PDE 2008 11 29  5 59 16.60 -18.7000 -177.7200 386.0 5.7 6.0 FIJI ISLANDS REGION                     
event name:     200811290559A  
time shift:      3.0300
half duration:   2.4000
latitude:      -18.7200
longitude:    -177.5200
depth:         396.6100
Mrr:       3.190000e+24
Mtt:      -6.920000e+24
Mpp:       3.730000e+24
Mrt:      -7.140000e+24
Mrp:       4.570000e+24
Mtp:      -5.180000e+24
