 PDEW2008  5  7  8  0 21.40  45.3600   30.9200  10.0 4.9 3.8 UKRAINE-MOLDOVA-SW RUSSI                
event name:     200805070800A  
time shift:      3.8900
half duration:   0.7000
latitude:       45.5100
longitude:      30.9600
depth:          17.3800
Mrr:       2.200000e+23
Mtt:      -2.020000e+23
Mpp:      -1.840000e+22
Mrt:      -8.400000e+22
Mrp:       5.470000e+22
Mtp:      -1.120000e+23

