PDE 2008  8  9 16 36 38.20 -60.6900  153.8300  10.0 5.7 6.3 WEST OF MACQUARIE ISLAND                
event name:     200808091636A  
time shift:      8.5600
half duration:   3.5000
latitude:      -60.8300
longitude:     153.5900
depth:          12.0000
Mrr:      -1.710000e+24
Mtt:       2.800000e+25
Mpp:      -2.630000e+25
Mrt:       2.820000e+24
Mrp:       2.770000e+24
Mtp:      -2.490000e+25
