PDE 2009 10  1  1 52 27.30  -2.5200  101.5000   9.7 5.9 6.7 SOUTHERN SUMATRA, INDONE                
event name:     200910010152A  
time shift:      7.5300
half duration:   4.8000
latitude:       -2.4500
longitude:     101.5900
depth:          15.1500
Mrr:      -8.239999e+23
Mtt:      -8.800000e+25
Mpp:       8.880000e+25
Mrt:       2.970000e+25
Mrp:       1.670000e+25
Mtp:       2.460000e+25
