PDE 2012  8  2  9 56 41.70  -4.6500  153.2700  46.0 5.8 6.1 NEW IRELAND REGION, P.N.                
event name:     201208020956A  
time shift:      3.9000
half duration:   2.7000
latitude:       -4.9300
longitude:     153.1400
depth:          54.0000
Mrr:       1.340000e+25
Mtt:      -1.540000e+25
Mpp:       1.950000e+24
Mrt:       7.060000e+24
Mrp:       3.870000e+24
Mtp:       1.720000e+24
