PDE 2012  4 14 22  5 26.40 -18.9700  168.7400  11.0 6.0 6.3 VANUATU ISLANDS                         
event name:     201204142205A  
time shift:      6.2400
half duration:   3.5000
latitude:      -19.0100
longitude:     168.6600
depth:          12.0000
Mrr:      -3.200000e+25
Mtt:       3.630000e+25
Mpp:      -4.250000e+24
Mrt:      -8.770000e+24
Mrp:       3.940000e+24
Mtp:       1.320000e+25
