PDE 2012  6  4  0 45 15.30   5.3100  -82.6300   7.0 5.9 6.3 SOUTH OF PANAMA                         
event name:     201206040045A  
time shift:      5.7000
half duration:   3.4000
latitude:        5.3100
longitude:     -82.6400
depth:          24.2800
Mrr:      -3.260000e+24
Mtt:       7.180001e+24
Mpp:      -3.920000e+24
Mrt:       3.720000e+24
Mrp:      -3.200000e+23
Mtp:       3.340000e+25
