PDE 2013  1 31  3 33 43.70 -10.6400  166.3700   9.0 6.1 6.1 SANTA CRUZ ISLANDS                      
event name:     201301310333A  
time shift:      4.2500
half duration:   2.9000
latitude:      -10.6400
longitude:     166.4800
depth:          12.0000
Mrr:      -2.010000e+25
Mtt:       6.920000e+24
Mpp:       1.310000e+25
Mrt:      -1.230000e+24
Mrp:       1.100000e+23
Mtp:      -1.070000e+25
