PDE 2008  7 19 11  1 17.70 -11.0700  164.6200  10.0 5.8 6.2 SANTA CRUZ ISLANDS REGIO                
event name:     200807191101A  
time shift:      6.0300
half duration:   3.0000
latitude:      -11.1800
longitude:     164.4500
depth:          12.0000
Mrr:      -2.260000e+25
Mtt:       1.060000e+25
Mpp:       1.210000e+25
Mrt:      -5.450000e+24
Mrp:       5.050001e+24
Mtp:       1.120000e+25
