PDE 2015  8 15  7 47  6.60 -10.9000  163.8800   6.3 0.0 6.6 SOLOMON ISLANDS                         
event name:     201508150747A  
time shift:      4.4100
half duration:   4.0000
latitude:      -10.8200
longitude:     163.7400
depth:          21.3500
Mrr:       3.570000e+23
Mtt:      -2.510000e+25
Mpp:       2.470000e+25
Mrt:       9.770000e+24
Mrp:      -2.700000e+25
Mtp:       3.790000e+25
