 PDEW2011  5 19 20 39  3.30  34.3800   23.7200  26.0 4.9 4.6 CRETE, GREECE                           
event name:     201105192039A  
time shift:      2.6200
half duration:   1.0000
latitude:       34.3200
longitude:      23.6600
depth:          17.7500
Mrr:      -3.730000e+23
Mtt:      -4.740000e+23
Mpp:       8.470000e+23
Mrt:       3.190000e+23
Mrp:      -2.810000e+23
Mtp:       3.210000e+23

