PDE 2008  8 26 21  0 36.60  -7.6400  -74.3800 154.0 6.0 6.4 PERU-BRAZIL BORDER REGIO                
event name:     200808262100A  
time shift:      3.6300
half duration:   3.8000
latitude:       -7.7600
longitude:     -74.4900
depth:         158.2500
Mrr:      -4.070000e+25
Mtt:      -3.440000e+24
Mpp:       4.410000e+25
Mrt:       1.590000e+25
Mrp:      -1.440000e+25
Mtp:       1.510000e+23
