PDE 2010  5  3 23  9 38.00 -38.2700  -74.3100  22.9 5.9 6.3 OFF COAST OF CENTRAL CHI                
event name:     201005032309A  
time shift:     12.0100
half duration:   3.0000
latitude:      -38.3100
longitude:     -74.0800
depth:          14.5200
Mrr:       1.090000e+25
Mtt:       4.040000e+23
Mpp:      -1.130000e+25
Mrt:       6.590000e+23
Mrp:      -2.020000e+25
Mtp:       4.610000e+23
