PDE 2015  4 17 15 52 51.50 -15.8800 -178.6000  10.0 0.0 6.5 FIJI ISLANDS REGION                     
event name:     201504171552A  
time shift:      8.4300
half duration:   4.2000
latitude:      -15.9000
longitude:    -178.5100
depth:          15.8000
Mrr:       7.000000e+23
Mtt:      -6.650000e+24
Mpp:       5.950000e+24
Mrt:       1.200000e+24
Mrp:      -1.270000e+25
Mtp:       6.290000e+25
