 PDEW2011 12 18 15  1  4.30  36.1500   12.8000  16.9 4.7 0.0 CENTRAL MEDITERRANEAN SE                
event name:     201112181501A  
time shift:      1.5900
half duration:   0.5000
latitude:       36.1000
longitude:      12.6800
depth:          12.0000
Mrr:      -3.650000e+22
Mtt:       3.340000e+21
Mpp:       3.310000e+22
Mrt:       1.270000e+22
Mrp:      -1.110000e+22
Mtp:      -1.320000e+23

