PDE 2012  7 28 20  3 56.80  -4.6500  153.1700  41.0 6.1 6.5 NEW IRELAND REGION, P.N.                
event name:     201207282004A  
time shift:      7.1600
half duration:   4.5000
latitude:       -4.8500
longitude:     153.0700
depth:          57.7700
Mrr:       5.980000e+25
Mtt:      -6.980000e+25
Mpp:       9.930000e+24
Mrt:       3.300000e+25
Mrp:       1.760000e+25
Mtp:       1.330000e+25
