PDE 2010  8 14 23  1  4.10  12.2700  141.4300  13.0 6.1 6.6 SOUTH OF MARIANA ISLANDS                
event name:     201008142301A  
time shift:     10.4800
half duration:   3.5000
latitude:       12.2400
longitude:     141.3700
depth:          12.0000
Mrr:      -3.540000e+25
Mtt:       2.230000e+25
Mpp:       1.310000e+25
Mrt:       9.490001e+24
Mrp:       6.500000e+24
Mtp:       1.940000e+25
