PDE 2010 11  3  0 56 53.90  43.8000   20.8000  13.0 5.3 5.5 NORTHWESTERN BALKAN REGI                
event name:     201011030056A  
time shift:      6.7600
half duration:   1.4000
latitude:       43.6700
longitude:      20.6500
depth:          13.8300
Mrr:       2.590000e+23
Mtt:       3.670000e+23
Mpp:      -6.270000e+23
Mrt:      -2.580000e+23
Mrp:      -4.640000e+23
Mtp:       2.010000e+24
