PDE 2015  5 30 17 18 39.60 -15.7400 -173.3200  50.8 0.0 5.8 TONGA ISLANDS                           
event name:     201505301718A  
time shift:      6.9100
half duration:   2.5000
latitude:      -15.6900
longitude:    -173.1900
depth:          70.3300
Mrr:       5.330000e+24
Mtt:       3.360000e+24
Mpp:      -8.690000e+24
Mrt:      -4.100000e+24
Mrp:      -7.140000e+24
Mtp:      -5.390000e+24
