PDE 2008 10 23 10  4 35.00  -2.6300  145.5700  10.0 6.0 6.3 ADMIRALTY ISLANDS REGION                
event name:     200810231004A  
time shift:      6.3300
half duration:   3.6000
latitude:       -2.4600
longitude:     145.7800
depth:          12.0000
Mrr:      -5.850000e+23
Mtt:      -2.100000e+25
Mpp:       2.160000e+25
Mrt:      -6.150000e+24
Mrp:       3.550000e+24
Mtp:       3.400000e+25
