PDE 2009  1 22 13 40 26.00  -5.9100  148.5100  44.0 5.6 6.1 NEW BRITAIN REGION, P.N.                
event name:     200901221340A  
time shift:      6.8300
half duration:   2.4000
latitude:       -6.3200
longitude:     148.6000
depth:          51.7300
Mrr:       1.140000e+25
Mtt:      -1.310000e+25
Mpp:       1.720000e+24
Mrt:       1.710000e+24
Mrp:      -1.210000e+24
Mtp:      -8.770000e+23
