 PDEW2014 12 26 17 55 18.10  36.5200    3.0700  14.3 0.0 5.1 NORTHERN ALGERIA                        
event name:     201412261755A  
time shift:      0.1300
half duration:   0.6000
latitude:       36.4500
longitude:       3.0600
depth:          12.0000
Mrr:       1.600000e+23
Mtt:      -9.580001e+22
Mpp:      -6.420000e+22
Mrt:      -7.580000e+22
Mrp:       1.270000e+22
Mtp:      -5.430000e+22

