PDE 2009  2 18 21 53 45.20 -27.4200 -176.3300  25.0 6.8 7.2 KERMADEC ISLANDS REGION                 
event name:     200902182153A  
time shift:      4.9200
half duration:   7.4000
latitude:      -27.2700
longitude:    -175.9000
depth:          36.5500
Mrr:       1.300000e+24
Mtt:      -4.830000e+25
Mpp:       4.700000e+25
Mrt:      -5.110000e+24
Mrp:       2.750000e+26
Mtp:      -2.090000e+26
