PDE 2011  2 21 10 57 52.40 -26.1400  178.3900 558.1 6.3 6.6 SOUTH OF FIJI ISLANDS                   
event name:     201102211057A  
time shift:      5.2400
half duration:   4.5000
latitude:      -25.9500
longitude:     178.4700
depth:         567.4800
Mrr:      -2.610000e+25
Mtt:       1.500000e+25
Mpp:       1.110000e+25
Mrt:      -1.950000e+25
Mrp:       6.710000e+25
Mtp:      -2.870000e+25
