PDE 2015  3 29 23 48 31.00  -4.7300  152.5600  41.0 0.0 7.5 NEW BRITAIN REGION, P.N.                
event name:     201503292348A  
time shift:     23.6800
half duration:  13.0000
latitude:       -5.1800
longitude:     152.5900
depth:          37.6300
Mrr:       1.570000e+27
Mtt:      -1.580000e+27
Mpp:       6.780000e+24
Mrt:       9.940000e+26
Mrp:       1.660000e+26
Mtp:      -2.730000e+26
