PDE 2009  4 15 20  1 34.40  -3.1200  100.4700  20.0 6.1 6.4 SOUTHERN SUMATRA, INDONE                
event name:     200904152001A  
time shift:      3.5000
half duration:   3.3000
latitude:       -3.4000
longitude:     100.1600
depth:          15.0000
Mrr:       9.740000e+24
Mtt:      -5.100001e+24
Mpp:      -4.640000e+24
Mrt:       2.500000e+25
Mrp:      -1.700000e+25
Mtp:       5.450000e+24
