PDE 2015  5  1  8  6  3.50  -5.2000  151.7800  44.0 0.0 6.8 NEW BRITAIN REGION, P.N.                
event name:     201505010806A  
time shift:      6.6400
half duration:   5.7000
latitude:       -5.4700
longitude:     151.7600
depth:          49.3100
Mrr:       1.470000e+26
Mtt:      -1.480000e+26
Mpp:       1.070000e+24
Mrt:       3.360000e+25
Mrp:      -2.480000e+25
Mtp:      -4.860000e+25
