PDE 2008 10 11  9  6 10.80  43.3700   46.2500  16.0 5.6 5.8 EASTERN CAUCASUS                        
event name:     200810110906A  
time shift:      5.0900
half duration:   2.0000
latitude:       43.4000
longitude:      46.1900
depth:          13.0300
Mrr:       5.890000e+24
Mtt:      -6.720000e+24
Mpp:       8.230000e+23
Mrt:      -9.530000e+23
Mrp:       1.400000e+24
Mtp:       2.070000e+23
