PDE 2009  4 13 21 14 24.00  42.5000   13.3600   7.5 4.9 5.1 CENTRAL ITALY                           
event name:     200904132114A  
time shift:      5.7300
half duration:   0.8000
latitude:       42.5200
longitude:      13.2100
depth:          12.0000
Mrr:      -4.080000e+23
Mtt:       1.550000e+23
Mpp:       2.520000e+23
Mrt:      -1.610000e+23
Mrp:       4.280000e+22
Mtp:      -1.980000e+23
