PDE 2014 11  7  3 33 54.60  -6.0400  148.2100  43.2 0.0 6.6 NEW BRITAIN REGION, P.N.                
event name:     201411070333A  
time shift:      9.7400
half duration:   5.0000
latitude:       -6.4000
longitude:     148.4300
depth:          42.5400
Mrr:       9.320000e+25
Mtt:      -1.090000e+26
Mpp:       1.530000e+25
Mrt:       4.070000e+25
Mrp:      -8.270000e+24
Mtp:       2.030000e+23
