PDE 2013 12  1  1 24 13.60  -7.0100  128.4100  10.0 0.0 6.4 BANDA SEA                               
event name:     201312010124A  
time shift:      3.3700
half duration:   4.3000
latitude:       -7.0200
longitude:     128.2900
depth:          13.1300
Mrr:       4.910000e+25
Mtt:      -6.040000e+25
Mpp:       1.130000e+25
Mrt:      -3.000000e+25
Mrp:      -2.040000e+25
Mtp:      -2.210000e+25
