 PDEW2012  9 21 15 39 17.50  35.4900   22.8300  61.0 4.7 4.6 CENTRAL MEDITERRANEAN SE                
event name:     201209211539A  
time shift:      2.4400
half duration:   0.6000
latitude:       35.1400
longitude:      22.6400
depth:          45.0300
Mrr:       1.690000e+23
Mtt:      -1.400000e+23
Mpp:      -2.850000e+22
Mrt:       8.230000e+22
Mrp:      -2.450000e+22
Mtp:       6.870000e+22

