PDE 2009 11 22  7 48 20.60 -17.7900 -178.4300 522.6 5.7 6.4 FIJI ISLANDS REGION                     
event name:     200911220748A  
time shift:      4.6100
half duration:   3.5000
latitude:      -17.7200
longitude:    -178.3600
depth:         546.3800
Mrr:      -1.610000e+25
Mtt:       2.290000e+25
Mpp:      -6.740000e+24
Mrt:      -1.890000e+25
Mrp:      -2.560000e+25
Mtp:       6.150000e+24
