PDE 2013 11 25  5 56 50.10  45.5600  151.0100  34.0 0.0 6.0 KURIL ISLANDS                           
event name:     201311250556A  
time shift:      3.9200
half duration:   2.3000
latitude:       45.5700
longitude:     151.2000
depth:          35.7700
Mrr:       9.010000e+24
Mtt:      -3.620000e+24
Mpp:      -5.390000e+24
Mrt:       1.350000e+24
Mrp:       4.890000e+24
Mtp:      -5.260000e+24
