PDE 2012  5  3 10  9 35.60  32.7500   47.7300  10.0 5.6 5.4 IRAN-IRAQ BORDER REGION                 
event name:     201205031009A  
time shift:      1.1300
half duration:   1.2000
latitude:       32.6600
longitude:      47.6000
depth:          21.1100
Mrr:       1.470000e+24
Mtt:      -1.310000e+24
Mpp:      -1.570000e+23
Mrt:       3.510000e+23
Mrp:       1.330000e+22
Mtp:       7.430000e+23
