PDE 2011 10 23 20 45 34.90  38.6300   43.0800   5.0 6.0 6.0 TURKEY                                  
event name:     201110232045A  
time shift:      3.6800
half duration:   2.3000
latitude:       38.5100
longitude:      43.0700
depth:          12.0000
Mrr:       9.860001e+24
Mtt:      -1.030000e+25
Mpp:       4.130000e+23
Mrt:       1.570000e+24
Mrp:      -1.240000e+24
Mtp:       3.470000e+24
