PDE 2013  4 26  6 53 28.90 -28.6800 -178.9200 351.0 5.8 6.2 KERMADEC ISLANDS REGION                 
event name:     201304260653A  
time shift:      3.4500
half duration:   2.9000
latitude:      -28.6700
longitude:    -178.8200
depth:         355.9800
Mrr:       3.650000e+24
Mtt:      -1.300000e+25
Mpp:       9.390000e+24
Mrt:      -1.050000e+25
Mrp:      -1.360000e+25
Mtp:      -4.830000e+24
