PDE 2010  3 26 14 52  7.20 -27.9500  -70.8200  42.0 6.2 6.3 NEAR COAST OF NORTHERN C                
event name:     201003261452A  
time shift:      3.7600
half duration:   2.7000
latitude:      -28.1100
longitude:     -71.3100
depth:          41.4300
Mrr:       1.590000e+25
Mtt:       9.420000e+23
Mpp:      -1.690000e+25
Mrt:       4.200000e+24
Mrp:       4.260000e+24
Mtp:      -2.810000e+24
