PDE 2008 12 23 15 24 22.50  44.5600   10.4100  28.3 5.2 5.4 NORTHERN ITALY                          
event name:     200812231524A  
time shift:      3.9900
half duration:   1.3000
latitude:       44.5100
longitude:      10.3000
depth:          25.4700
Mrr:       1.210000e+24
Mtt:      -1.360000e+24
Mpp:       1.430000e+23
Mrt:       1.090000e+24
Mrp:      -2.840000e+23
Mtp:       6.440000e+23
