PDE 2010  1 17 12  0  1.10 -57.6600  -65.8800   5.0 6.0 6.3 DRAKE PASSAGE                           
event name:     201001171200A  
time shift:      5.3200
half duration:   3.2000
latitude:      -57.9400
longitude:     -66.1600
depth:          18.5900
Mrr:       7.420000e+24
Mtt:       1.290000e+25
Mpp:      -2.030000e+25
Mrt:       7.290000e+24
Mrp:       6.230000e+24
Mtp:       2.080000e+25
