PDE 2012  6  7 20 54 25.80  40.8500   27.9200  14.9 4.9 5.1 TURKEY                                  
event name:     201206072054A  
time shift:      3.2600
half duration:   0.8000
latitude:       40.9000
longitude:      27.9500
depth:          12.0000
Mrr:      -1.120000e+23
Mtt:       1.010000e+23
Mpp:       1.070000e+22
Mrt:      -2.530000e+22
Mrp:      -1.970000e+23
Mtp:      -3.180000e+23
