PDE 2008  8  9  6  1 48.50 -60.6500  153.7700  10.0 5.6 6.5 WEST OF MACQUARIE ISLAND                
event name:     200808090602A  
time shift:     15.3300
half duration:   3.9000
latitude:      -60.5400
longitude:     153.3800
depth:          16.2200
Mrr:      -6.010000e+24
Mtt:       4.010000e+25
Mpp:      -3.410000e+25
Mrt:       1.400000e+25
Mrp:       1.040000e+25
Mtp:      -3.360000e+25
