PDE 2011  1 19  9 17 49.80  41.9600   42.6600  10.0 5.3 5.2 GEORGIA-ARMENIA-TURKEY B                
event name:     201101190917A  
time shift:      1.5000
half duration:   1.1000
latitude:       42.0100
longitude:      42.6500
depth:          19.3200
Mrr:       8.030000e+23
Mtt:      -1.180000e+24
Mpp:       3.810000e+23
Mrt:      -4.030000e+23
Mrp:       3.950000e+23
Mtp:      -1.100000e+23
