PDE 2012  3 21 22 15  6.10  -6.2400  145.9600 118.0 6.3 6.6 NEW GUINEA, PAPUA NEW GU                
event name:     201203212215A  
time shift:      5.4300
half duration:   4.9000
latitude:       -6.2600
longitude:     145.9600
depth:         127.1000
Mrr:      -6.560000e+25
Mtt:       8.889999e+25
Mpp:      -2.330000e+25
Mrt:      -3.950000e+25
Mrp:      -1.090000e+25
Mtp:      -5.380000e+25
