PDE 2008  3 12 11 23 34.10 -16.5700  167.3400  13.0 5.8 6.4 VANUATU ISLANDS                         
event name:     200803121123A  
time shift:      6.7500
half duration:   4.0000
latitude:      -16.5900
longitude:     167.2200
depth:          12.0000
Mrr:       3.770000e+25
Mtt:       2.860000e+24
Mpp:      -4.060000e+25
Mrt:       6.620000e+24
Mrp:      -3.900000e+25
Mtp:       6.400000e+24
