 PDEW2007  9 23  0 54 29.60  35.2700   27.1200  24.0 5.1 5.6 DODECANESE ISLANDS, GREE                
event name:     200709230054A  
time shift:      3.9600
half duration:   1.1000
latitude:       35.2400
longitude:      26.9200
depth:          17.5400
Mrr:      -5.050000e+23
Mtt:      -4.630000e+23
Mpp:       9.680001e+23
Mrt:       3.910000e+23
Mrp:      -7.670000e+23
Mtp:       4.680000e+23

