PDE 2012  6  3 19 20 43.00  44.9000   10.9400   9.0 5.1 5.2 NORTHERN ITALY                          
event name:     201206031920A  
time shift:      4.6800
half duration:   0.7000
latitude:       45.1200
longitude:      10.9500
depth:          12.0000
Mrr:       1.260000e+23
Mtt:      -1.260000e+23
Mpp:       1.000000e+20
Mrt:      -3.180000e+23
Mrp:       4.080000e+22
Mtp:       2.820000e+22
