PDE 2008 12 28 22 58 59.00  40.3900   25.7800  35.0 5.1 5.2 AEGEAN SEA                              
event name:     200812282259A  
time shift:      3.7200
half duration:   1.0000
latitude:       40.3300
longitude:      25.8400
depth:          12.0000
Mrr:      -1.730000e+23
Mtt:       4.150000e+23
Mpp:      -2.420000e+23
Mrt:      -8.650000e+22
Mrp:      -1.100000e+23
Mtp:      -6.760000e+23
