PDE 2014  7 21 14 54 41.00 -19.8000 -178.4000 615.4 0.0 6.9 FIJI ISLANDS REGION                     
event name:     201407211454A  
time shift:      5.8700
half duration:   7.0000
latitude:      -19.6800
longitude:    -178.3200
depth:         627.0900
Mrr:      -6.970000e+25
Mtt:       6.150000e+25
Mpp:       8.230000e+24
Mrt:      -2.170000e+26
Mrp:      -1.930000e+26
Mtp:      -3.560000e+25
