PDE 2011  5  8  6 50 24.30  36.7000   27.2400  11.0 5.1 5.2 DODECANESE ISLANDS, GREE                
event name:     201105080650A  
time shift:      0.1500
half duration:   1.0000
latitude:       36.5700
longitude:      27.3600
depth:          12.9400
Mrr:      -7.090001e+23
Mtt:       6.500000e+23
Mpp:       5.900000e+22
Mrt:       4.360000e+23
Mrp:       1.540000e+23
Mtp:       3.740000e+23
