PDE 2011  5  5 14 58 18.70  38.1700  144.0300  11.0 6.2 6.1 OFF EAST COAST OF HONSHU                
event name:     201105051458A  
time shift:      4.1600
half duration:   2.6000
latitude:       38.2400
longitude:     144.1700
depth:          13.8600
Mrr:      -1.120000e+25
Mtt:      -3.870000e+24
Mpp:       1.510000e+25
Mrt:       1.070000e+24
Mrp:       3.680000e+24
Mtp:       8.390000e+24
