 PDEW2008  8  3  0 39 16.90  39.6100   23.8500  10.0 5.0 5.3 AEGEAN SEA                              
event name:     200808030039A  
time shift:      2.6700
half duration:   1.0000
latitude:       39.5400
longitude:      23.7600
depth:          12.0000
Mrr:      -5.690000e+23
Mtt:       6.500000e+23
Mpp:      -8.070000e+22
Mrt:       5.650000e+22
Mrp:       3.840000e+23
Mtp:      -6.230000e+23

