PDE 2013  7  7 20 30  6.80  -6.0300  149.7100  56.0 6.1 6.6 NEW BRITAIN REGION, P.N.                
event name:     201307072030A  
time shift:      3.8100
half duration:   4.7000
latitude:       -6.2100
longitude:     149.7800
depth:          52.7800
Mrr:       7.900000e+25
Mtt:      -4.130000e+24
Mpp:      -7.490000e+25
Mrt:       1.080000e+25
Mrp:      -2.760000e+25
Mtp:      -3.020000e+25
