PDE 2013  5 24  5 44 49.00  54.8900  153.2200 598.1 7.5 8.4 SEA OF OKHOTSK                          
event name:     201305240544A  
time shift:     19.3500
half duration:  35.7000
latitude:       54.6100
longitude:     153.7700
depth:         610.9500
Mrr:      -1.670000e+28
Mtt:       3.820000e+27
Mpp:       1.280000e+28
Mrt:      -7.840000e+27
Mrp:      -3.570000e+28
Mtp:       1.550000e+27
