PDE 2012  2  5 16 40 39.20 -17.9500  167.2300   8.0 5.9 6.1 VANUATU ISLANDS                         
event name:     201202051640A  
time shift:      5.7900
half duration:   2.4000
latitude:      -17.9400
longitude:     167.1200
depth:          12.0000
Mrr:      -1.150000e+25
Mtt:      -8.240000e+23
Mpp:       1.230000e+25
Mrt:      -2.160000e+24
Mrp:       7.520000e+23
Mtp:       2.310000e+24
