PDE 2011 11 23 19 24 31.50  37.3700  141.3700  34.0 5.7 6.1 NEAR EAST COAST OF HONSH                
event name:     201111231924A  
time shift:      3.4200
half duration:   2.8000
latitude:       37.3200
longitude:     141.6500
depth:          40.7300
Mrr:       1.350000e+25
Mtt:      -1.600000e+24
Mpp:      -1.190000e+25
Mrt:       4.820000e+24
Mrp:       1.270000e+25
Mtp:      -4.550000e+24
