PDE 2015  3  6  8 22 19.00 -41.3200   80.6000  10.0 0.0 5.9 MID-INDIAN RIDGE                        
event name:     201503060822A  
time shift:      5.0500
half duration:   2.3000
latitude:      -41.2300
longitude:      80.6400
depth:          12.0000
Mrr:      -1.320000e+23
Mtt:       1.070000e+25
Mpp:      -1.050000e+25
Mrt:       1.100000e+24
Mrp:      -4.010000e+23
Mtp:      -1.400000e+24
