PDE 2015  4 25  6 11 26.30  28.1500   84.7100  15.0 0.0 7.8 NEPAL                                   
event name:     201504250611A  
time shift:     32.3400
half duration:  21.3000
latitude:       27.9100
longitude:      85.3300
depth:          12.0000
Mrr:       1.760000e+27
Mtt:      -1.820000e+27
Mpp:       5.790000e+25
Mrt:       8.040000e+27
Mrp:      -1.510000e+27
Mtp:       4.750000e+26
