PDE 2012 10 30  2 49  2.30  52.3700 -131.9000   9.0 5.8 6.2 QUEEN CHARLOTTE ISLANDS                 
event name:     201210300249A  
time shift:      5.2300
half duration:   3.1000
latitude:       52.1500
longitude:    -132.1100
depth:          12.0000
Mrr:      -2.400000e+25
Mtt:       1.380000e+25
Mpp:       1.020000e+25
Mrt:       3.530000e+24
Mrp:      -6.060000e+24
Mtp:      -1.340000e+25
