PDE 2008 12 20 10 29 23.10  36.5400  142.4300  19.0 6.0 6.3 OFF EAST COAST OF HONSHU                
event name:     200812201029A  
time shift:      6.1300
half duration:   3.6000
latitude:       36.5600
longitude:     142.5400
depth:          12.0000
Mrr:       3.100000e+25
Mtt:       4.560000e+24
Mpp:      -3.560000e+25
Mrt:      -1.230000e+25
Mrp:       1.640000e+25
Mtp:       1.230000e+23
