PDE 2008  1  4  7 29 18.30  -2.7800  101.0300  35.0 5.9 6.0 SOUTHERN SUMATRA, INDONE                
event name:     200801040729A  
time shift:      4.6300
half duration:   2.5000
latitude:       -3.0900
longitude:     100.6900
depth:          46.0900
Mrr:       9.630000e+24
Mtt:      -4.780000e+24
Mpp:      -4.840000e+24
Mrt:       6.500000e+24
Mrp:      -4.640000e+24
Mtp:       5.970000e+24
