PDE 2009 12 19 23 19 15.60 -10.1100   33.8200   6.0 6.0 6.0 MALAWI                                  
event name:     200912192319A  
time shift:      4.8300
half duration:   2.3000
latitude:      -10.0200
longitude:      33.9300
depth:          12.0000
Mrr:      -1.040000e+25
Mtt:       1.830000e+24
Mpp:       8.590000e+24
Mrt:       1.280000e+24
Mrp:      -2.170000e+24
Mtp:      -4.370000e+24
