PDE 2010  5 27 17 14 46.60 -13.7000  166.6400  31.0 6.3 7.1 VANUATU ISLANDS                         
event name:     201005271714A  
time shift:      8.7500
half duration:   9.3000
latitude:      -13.8100
longitude:     166.6500
depth:          42.8600
Mrr:       6.890000e+26
Mtt:      -5.340000e+25
Mpp:      -6.350000e+26
Mrt:       5.430000e+25
Mrp:      -1.710000e+25
Mtp:       2.000000e+26
