PDE 2010  7 16 18 53 10.40  39.3400   23.9900   9.1 4.9 5.2 AEGEAN SEA                              
event name:     201007161853A  
time shift:      2.0300
half duration:   0.7000
latitude:       39.2200
longitude:      24.1600
depth:          15.8200
Mrr:      -1.400000e+23
Mtt:       3.520000e+23
Mpp:      -2.110000e+23
Mrt:       1.380000e+23
Mrp:      -2.880000e+21
Mtp:       1.520000e+23
