PDE 2014  9 17  6 14 45.40  13.7600  144.4300 130.0 0.0 6.7 MARIANA ISLANDS                         
event name:     201409170614A  
time shift:      4.5300
half duration:   5.8000
latitude:       13.5400
longitude:     144.5100
depth:         140.3600
Mrr:      -1.510000e+26
Mtt:       1.240000e+26
Mpp:       2.700000e+25
Mrt:      -8.110000e+25
Mrp:      -4.220000e+25
Mtp:      -4.190000e+25
