PDE 2010  3 16  2 21 57.90 -36.2200  -73.2600  18.0 6.0 6.7 NEAR COAST OF CENTRAL CH                
event name:     201003160221A  
time shift:      5.6400
half duration:   5.1000
latitude:      -36.4900
longitude:     -73.6300
depth:          13.3700
Mrr:       4.940000e+25
Mtt:       2.920000e+24
Mpp:      -5.230000e+25
Mrt:       1.140000e+25
Mrp:      -1.030000e+26
Mtp:      -2.770000e+24
