PDE 2012  9 14  4 51 47.10  -3.3200  100.5900  19.0 6.1 6.3 SOUTHERN SUMATRA, INDONE                
event name:     201209140451A  
time shift:      4.5700
half duration:   3.9000
latitude:       -3.5800
longitude:     100.3200
depth:          12.0000
Mrr:       9.890001e+24
Mtt:      -4.690000e+24
Mpp:      -5.190000e+24
Mrt:       2.280000e+25
Mrp:      -1.860000e+25
Mtp:       5.460000e+24
