PDE 2011  2 14  3 40  9.90 -35.3800  -72.8300  21.0 5.9 6.6 NEAR COAST OF CENTRAL CH                
event name:     201102140340A  
time shift:      5.2900
half duration:   5.1000
latitude:      -35.6700
longitude:     -73.6100
depth:          12.0000
Mrr:       5.600000e+25
Mtt:      -2.280000e+24
Mpp:      -5.370000e+25
Mrt:      -1.270000e+25
Mrp:      -9.050000e+25
Mtp:      -1.730000e+25
