PDE 2015  6 21 21 28 16.30 -20.4300 -178.3300 562.6 0.0 6.0 FIJI ISLANDS REGION                     
event name:     201506212128A  
time shift:      2.6900
half duration:   2.4000
latitude:      -20.3400
longitude:    -178.3600
depth:         571.1100
Mrr:      -8.120000e+24
Mtt:      -3.030000e+24
Mpp:       1.120000e+25
Mrt:      -4.210000e+24
Mrp:      -4.770000e+24
Mtp:      -2.880000e+24
