PDE 2011  1 29  6 55 26.10  70.9400   -6.6800   6.0 6.1 6.2 JAN MAYEN ISLAND REGION                 
event name:     201101290655A  
time shift:      3.8400
half duration:   3.2000
latitude:       70.9900
longitude:      -6.6500
depth:          17.1400
Mrr:      -3.410000e+24
Mtt:       2.170000e+25
Mpp:      -1.830000e+25
Mrt:      -3.320000e+24
Mrp:       7.110000e+24
Mtp:       1.790000e+25
