PDE 2010 12 21 17 19 40.70  26.9000  143.7000  14.0 7.0 7.5 BONIN ISLANDS, JAPAN REG                
event name:     201012211719A  
time shift:     12.8800
half duration:  12.6000
latitude:       27.1000
longitude:     143.7600
depth:          15.5800
Mrr:      -1.170000e+27
Mtt:       4.660000e+26
Mpp:       7.010000e+26
Mrt:      -1.400000e+26
Mrp:      -9.760001e+26
Mtp:      -1.040000e+27
