PDE 2011 11 24 10 25 34.00  41.9000  142.6400  38.0 5.9 6.2 HOKKAIDO, JAPAN REGION                  
event name:     201111241025A  
time shift:      3.6100
half duration:   2.9000
latitude:       41.7900
longitude:     142.9400
depth:          43.4600
Mrr:       1.540000e+25
Mtt:      -3.550000e+24
Mpp:      -1.190000e+25
Mrt:       5.820000e+24
Mrp:       1.420000e+25
Mtp:      -6.840000e+24
