PDE 2012  7 20  6 10 25.20  49.4100  155.9100  19.0 5.7 6.1 KURIL ISLANDS                           
event name:     201207200610A  
time shift:      4.8900
half duration:   2.4000
latitude:       49.2200
longitude:     156.4100
depth:          27.3800
Mrr:       9.310001e+24
Mtt:      -2.910000e+24
Mpp:      -6.390000e+24
Mrt:       4.270000e+24
Mrp:       6.710001e+24
Mtp:      -4.700000e+24
