PDE 2015  3 30  7 56 53.20 -15.4300 -173.0500  10.0 0.0 6.0 TONGA ISLANDS                           
event name:     201503300756A  
time shift:      9.5100
half duration:   2.5000
latitude:      -15.2600
longitude:    -172.7700
depth:          17.8000
Mrr:       9.030000e+24
Mtt:       2.050000e+24
Mpp:      -1.110000e+25
Mrt:       2.920000e+24
Mrp:       6.980000e+24
Mtp:       2.360000e+24
