PDE 2009  1 18 14 11 48.90 -30.2000 -177.9500  33.0 6.0 6.4 KERMADEC ISLANDS, NEW ZE                
event name:     200901181411A  
time shift:      6.6600
half duration:   3.8000
latitude:      -30.0600
longitude:    -177.5800
depth:          51.9900
Mrr:       4.070000e+25
Mtt:       5.230000e+23
Mpp:      -4.120000e+25
Mrt:       4.630000e+24
Mrp:       1.820000e+25
Mtp:      -1.070000e+25
