PDE 2014 12 29  9 29 41.70   8.6000  121.5000  37.8 0.0 6.1 MINDANAO, PHILIPPINES                   
event name:     201412290929A  
time shift:     -0.7500
half duration:   2.9000
latitude:        8.7000
longitude:     121.4700
depth:          12.0000
Mrr:      -4.570000e+24
Mtt:       5.490000e+24
Mpp:      -9.240000e+23
Mrt:      -5.730000e+24
Mrp:      -5.960000e+24
Mtp:      -1.930000e+25
