PDE 2008  1  5 11  1  5.30  51.2600 -130.7500  10.0 6.0 6.6 QUEEN CHARLOTTE ISLANDS                 
event name:     200801051101A  
time shift:      6.1100
half duration:   4.8000
latitude:       51.1100
longitude:    -131.2400
depth:          12.0000
Mrr:      -6.740000e+24
Mtt:      -8.310000e+25
Mpp:       8.980001e+25
Mrt:       1.900000e+25
Mrp:      -3.650000e+23
Mtp:       3.790000e+25
