PDE 2012  5 29  7  0  3.80  44.8200   11.0700   9.0 5.9 5.8 NORTHERN ITALY                          
event name:     201205290700A  
time shift:      3.1000
half duration:   2.1000
latitude:       44.9200
longitude:      11.1500
depth:          12.0000
Mrr:       6.380000e+24
Mtt:      -6.360000e+24
Mpp:      -2.070000e+22
Mrt:      -4.030000e+24
Mrp:       2.220000e+24
Mtp:       1.350000e+24
