PDE 2013 11 12  7  3 51.10  54.6900  162.3000  43.0 0.0 6.4 NEAR EAST COAST OF KAMCH                
event name:     201311120703A  
time shift:      3.8000
half duration:   4.3000
latitude:       54.7900
longitude:     162.2900
depth:          29.9200
Mrr:       6.600000e+24
Mtt:      -2.180000e+24
Mpp:      -4.420000e+24
Mrt:       3.590000e+25
Mrp:       6.040000e+25
Mtp:       6.140000e+24
