PDE 2013  3 10 22 51 50.80  -6.6000  148.1700  28.0 5.7 6.7 NEW BRITAIN REGION, P.N.                
event name:     201303102251A  
time shift:      8.7000
half duration:   4.5000
latitude:       -6.7100
longitude:     148.3700
depth:          12.0000
Mrr:      -2.160000e+24
Mtt:      -1.180000e+25
Mpp:       1.390000e+25
Mrt:      -2.580000e+25
Mrp:       1.350000e+25
Mtp:       7.330000e+25
