PDE 2009 12  9  9 46  3.30 -22.1500  170.9600  45.0 5.8 6.4 SOUTHEAST OF LOYALTY ISL                
event name:     200912090946A  
time shift:      7.1200
half duration:   4.0000
latitude:      -22.3600
longitude:     170.8200
depth:          58.1900
Mrr:       1.050000e+25
Mtt:       1.370000e+25
Mpp:      -2.420000e+25
Mrt:       2.390000e+25
Mrp:       9.800000e+24
Mtp:       4.170000e+25
