PDE 2014  3 22 12 59 59.20 -19.7600  -70.8700  20.0 0.0 6.2 NEAR COAST OF NORTHERN C                
event name:     201403221259A  
time shift:      9.0800
half duration:   3.2000
latitude:      -19.7300
longitude:     -71.1400
depth:          18.8700
Mrr:       1.790000e+25
Mtt:       4.680000e+23
Mpp:      -1.840000e+25
Mrt:       4.850000e+24
Mrp:      -2.100000e+25
Mtp:       4.720000e+24
