PDE 2011 10  6  0  3  3.50  57.9500  -32.2500  10.0 5.0 5.3 REYKJANES RIDGE                         
event name:     201110060003A  
time shift:     -1.0500
half duration:   1.1000
latitude:       58.0500
longitude:     -32.3500
depth:          12.0000
Mrr:      -9.180000e+23
Mtt:       1.960000e+23
Mpp:       7.210000e+23
Mrt:       3.890000e+23
Mrp:       1.720000e+23
Mtp:       3.830000e+23
