PDE 2008  9 25  1 47 12.10  30.8300   83.4700  10.0 5.6 6.0 XIZANG                                  
event name:     200809250147A  
time shift:      5.7500
half duration:   2.3000
latitude:       30.6600
longitude:      83.6900
depth:          21.2200
Mrr:      -2.740000e+24
Mtt:      -7.710000e+24
Mpp:       1.040000e+25
Mrt:       2.620000e+24
Mrp:       3.980000e+23
Mtp:      -5.280000e+24
