PDE 2008  4 28 15 57 55.30 -58.7400  -24.7100  35.0 5.5 6.1 SOUTH SANDWICH ISLANDS R                
event name:     200804281557A  
time shift:      4.7300
half duration:   2.6000
latitude:      -59.0400
longitude:     -24.1500
depth:          17.1400
Mrr:       1.190000e+25
Mtt:       1.770000e+24
Mpp:      -1.360000e+25
Mrt:      -1.270000e+24
Mrp:       8.610000e+24
Mtp:       1.400000e+23
