PDE 2009 11  9 10 44 54.80 -17.2400  178.3400 590.9 6.6 7.3 FIJI ISLANDS                            
event name:     200911091044A  
time shift:      8.6400
half duration:  10.5000
latitude:      -17.1100
longitude:     178.5300
depth:         603.8800
Mrr:       5.420000e+26
Mtt:       1.550000e+26
Mpp:      -6.970000e+26
Mrt:       5.090000e+26
Mrp:       2.190000e+26
Mtp:      -5.630000e+26
