PDE 2009  2 22 17 45 22.40   3.6800  126.5600  32.0 5.9 6.0 TALAUD ISLANDS, INDONESI                
event name:     200902221745A  
time shift:      4.0000
half duration:   2.4000
latitude:        3.7500
longitude:     126.6900
depth:          32.9000
Mrr:       9.120000e+24
Mtt:       2.930000e+24
Mpp:      -1.210000e+25
Mrt:      -3.390000e+24
Mrp:       5.750000e+23
Mtp:       6.440000e+23
