PDE 2014  6 23 19 21 46.00 -29.9400 -177.5200  10.0 0.0 6.5 KERMADEC ISLANDS, NEW ZE                
event name:     201406231921A  
time shift:      9.8400
half duration:   4.2000
latitude:      -30.0300
longitude:    -177.7000
depth:          12.0000
Mrr:       6.330000e+24
Mtt:       9.720000e+24
Mpp:      -1.600000e+25
Mrt:       3.910000e+25
Mrp:       5.270000e+25
Mtp:      -8.350000e+24
