PDE 2012  2 14  8 19 55.50 -10.3900  161.1000  51.0 6.2 6.4 SOLOMON ISLANDS                         
event name:     201202140819A  
time shift:      5.9800
half duration:   3.9000
latitude:      -10.4400
longitude:     161.1300
depth:          57.3300
Mrr:       2.450000e+25
Mtt:      -2.160000e+25
Mpp:      -2.900000e+24
Mrt:      -2.790000e+25
Mrp:      -5.790000e+24
Mtp:       3.390000e+25
