PDE 2011  1 17 19 20 57.20  -5.0300  102.6500  36.0 6.1 6.0 SOUTHERN SUMATRA, INDONE                
event name:     201101171920A  
time shift:      2.6500
half duration:   2.4000
latitude:       -5.3700
longitude:     102.4500
depth:          35.4200
Mrr:       8.440000e+24
Mtt:      -5.380000e+24
Mpp:      -3.060000e+24
Mrt:       7.510000e+24
Mrp:      -4.990000e+24
Mtp:       4.260000e+24
