PDE 2014  7 11 19 22  0.80  37.0100  142.4500  20.0 0.0 6.5 OFF EAST COAST OF HONSHU                
event name:     201407111922A  
time shift:      5.2100
half duration:   4.5000
latitude:       36.9700
longitude:     142.3900
depth:          12.0000
Mrr:      -5.420000e+25
Mtt:      -8.310000e+24
Mpp:       6.250000e+25
Mrt:      -2.130000e+25
Mrp:      -4.310000e+25
Mtp:       2.130000e+25
