PDE 2012 12 10 16 53  8.80  -6.5300  129.8200 155.0 6.6 7.1 BANDA SEA                               
event name:     201212101653A  
time shift:      6.2100
half duration:   8.6000
latitude:       -6.6500
longitude:     129.8300
depth:         159.2500
Mrr:       1.030000e+26
Mtt:      -4.450000e+26
Mpp:       3.420000e+26
Mrt:       1.810000e+26
Mrp:       3.510000e+26
Mtp:       1.310000e+25
