PDE 2014  3 15 23 51 33.00  -5.5700  -80.9700  29.0 0.0 6.3 NEAR COAST OF NORTHERN P                
event name:     201403152351A  
time shift:      1.5100
half duration:   3.4000
latitude:       -5.6500
longitude:     -81.1000
depth:          32.5300
Mrr:       3.250000e+25
Mtt:      -5.280000e+24
Mpp:      -2.720000e+25
Mrt:      -7.720000e+24
Mrp:       1.160000e+25
Mtp:      -5.280000e+24
