PDEW 2012  7  4 23 46 38.80  35.0800   26.6500  51.8 4.8 4.6 CRETE, GREECE                           
event name:     201207042346A  
time shift:     -1.3600
half duration:   0.8000
latitude:       34.8700
longitude:      26.7300
depth:          32.3700
Mrr:      -3.780000e+22
Mtt:       3.780000e+23
Mpp:      -3.400000e+23
Mrt:       1.150000e+23
Mrp:       8.440000e+22
Mtp:       5.930000e+22

