PDE 2015  2 16 23  6 28.30  39.8600  142.8800  23.0 0.0 6.7 NEAR EAST COAST OF HONSH                
event name:     201502162306B  
time shift:     11.3700
half duration:   5.7000
latitude:       39.7800
longitude:     143.2200
depth:          22.2000
Mrr:       8.600000e+25
Mtt:      -1.600000e+24
Mpp:      -8.440000e+25
Mrt:       6.200000e+25
Mrp:       1.160000e+26
Mtp:      -2.200000e+25
