PDE 2008  2  8  9 38 14.10  10.6700  -41.9000   9.0 6.4 6.9 NORTHERN MID-ATLANTIC RI                
event name:     200802080938A  
time shift:      8.7300
half duration:   7.2000
latitude:       10.8500
longitude:     -41.7100
depth:          16.7900
Mrr:       2.270000e+25
Mtt:      -5.740000e+25
Mpp:       3.470000e+25
Mrt:       1.460000e+25
Mrp:       6.780000e+25
Mtp:      -3.090000e+26
