PDE 2015  5 30 18 49  7.30  30.7800  142.9700   5.7 0.0 6.2 SOUTHEAST OF HONSHU, JAP                
event name:     201505301849A  
time shift:      5.4800
half duration:   3.2000
latitude:       30.8000
longitude:     143.0000
depth:          17.4500
Mrr:      -2.620000e+25
Mtt:       6.740000e+24
Mpp:       1.950000e+25
Mrt:      -2.450000e+24
Mrp:      -4.240000e+24
Mtp:      -1.390000e+25
