PDE 2015  7  3  1  7 47.50  37.4600   78.1200  20.0 0.0 6.4 SOUTHERN XINJIANG, CHINA                
event name:     201507030107A  
time shift:      4.9100
half duration:   3.8000
latitude:       37.5400
longitude:      78.2100
depth:          12.8400
Mrr:       3.510000e+25
Mtt:      -3.190000e+25
Mpp:      -3.190000e+24
Mrt:      -1.230000e+25
Mrp:       2.290000e+25
Mtp:       1.480000e+25
