PDE 2008  4  9 11 13 17.20 -20.1700  168.8600  13.0 5.6 6.4 LOYALTY ISLANDS                         
event name:     200804091113A  
time shift:      9.0300
half duration:   3.5000
latitude:      -20.3300
longitude:     168.6200
depth:          20.9500
Mrr:       3.020000e+25
Mtt:      -3.400000e+24
Mpp:      -2.680000e+25
Mrt:       1.020000e+25
Mrp:      -2.000000e+25
Mtp:       1.270000e+25
