PDE 2011  5 15 18 37 10.40  -6.1000  154.4100  40.0 6.3 6.5 SOLOMON ISLANDS                         
event name:     201105151837A  
time shift:      6.9300
half duration:   4.1000
latitude:       -6.2200
longitude:     154.4400
depth:          52.8700
Mrr:       5.940000e+25
Mtt:      -3.010000e+25
Mpp:      -2.930000e+25
Mrt:      -7.550000e+24
Mrp:       5.950000e+24
Mtp:       3.220000e+25
