PDE 2013 12  1  6 29 57.80   2.0400   96.8300  20.0 0.0 6.0 NORTHERN SUMATRA, INDONE                
event name:     201312010629A  
time shift:      5.9200
half duration:   2.5000
latitude:        1.9100
longitude:      96.5800
depth:          21.1900
Mrr:       6.840000e+24
Mtt:      -4.180000e+24
Mpp:      -2.650000e+24
Mrt:       7.050000e+24
Mrp:      -8.810000e+24
Mtp:       3.520000e+24
