PDE 2013  3 24  8 13 45.10 -20.7600  173.3700  10.0 5.8 6.1 VANUATU ISLANDS REGION                  
event name:     201303240813A  
time shift:      4.7100
half duration:   2.6000
latitude:      -20.7600
longitude:     173.4500
depth:          14.4200
Mrr:      -1.080000e+24
Mtt:      -1.310000e+25
Mpp:       1.420000e+25
Mrt:       1.570000e+24
Mrp:       3.120000e+24
Mtp:      -4.610000e+24
