PDE 2010  3  7  7  5 23.30 -16.2400 -115.3000  10.0 5.8 6.3 SOUTHERN EAST PACIFIC RI                
event name:     201003070705A  
time shift:      9.5900
half duration:   3.2000
latitude:      -16.3400
longitude:    -115.4500
depth:          12.6900
Mrr:      -3.380000e+25
Mtt:       2.150000e+25
Mpp:       1.230000e+25
Mrt:       4.130000e+23
Mrp:       7.370000e+24
Mtp:       3.870000e+24
