PDE 2011  1  2 20 20 17.70 -38.3700  -73.3500  24.0 6.6 7.1 NEAR COAST OF CENTRAL CH                
event name:     201101022020A  
time shift:      8.9100
half duration:   8.9000
latitude:      -38.7100
longitude:     -73.8400
depth:          19.3500
Mrr:       2.840000e+26
Mtt:      -4.890000e+24
Mpp:      -2.790000e+26
Mrt:       2.700000e+25
Mrp:      -5.660000e+26
Mtp:      -5.740000e+24
