PDE 2014  5 10  7 36  1.20  17.2200 -100.8100  23.0 0.0 6.0 GUERRERO, MEXICO                        
event name:     201405100736A  
time shift:      4.1000
half duration:   2.7000
latitude:       17.3100
longitude:    -100.8200
depth:          20.7200
Mrr:       1.110000e+25
Mtt:      -9.470000e+24
Mpp:      -1.610000e+24
Mrt:       1.020000e+25
Mrp:      -6.240000e+24
Mtp:       3.740000e+24
