PDE 2008  2 20 18 27  6.00  36.2900   21.7700   9.9 5.7 6.1 SOUTHERN GREECE                         
event name:     200802201827A  
time shift:      6.8500
half duration:   2.9000
latitude:       36.2400
longitude:      21.7300
depth:          17.5900
Mrr:       1.870000e+24
Mtt:      -1.290000e+25
Mpp:       1.110000e+25
Mrt:       6.730000e+24
Mrp:      -5.830000e+24
Mtp:       1.640000e+25
