 PDEW2008  3  7 20 28 24.20  36.1400   21.7600  13.0 4.6 5.1 SOUTHERN GREECE                         
event name:     200803072028A  
time shift:      4.0800
half duration:   0.7000
latitude:       36.2500
longitude:      21.6200
depth:          12.0000
Mrr:       2.100000e+23
Mtt:      -2.260000e+23
Mpp:       1.620000e+22
Mrt:       4.470000e+22
Mrp:      -1.740000e+23
Mtp:       7.690000e+22

