PDE 2014 12 10 21  3 39.40  25.5700  122.4500 254.4 0.0 6.1 TAIWAN REGION                           
event name:     201412102103A  
time shift:      3.6500
half duration:   2.9000
latitude:       25.5100
longitude:     122.4000
depth:         265.1800
Mrr:      -1.310000e+25
Mtt:       1.060000e+25
Mpp:       2.540000e+24
Mrt:      -1.780000e+25
Mrp:      -2.220000e+24
Mtp:      -1.220000e+24
