PDE 2015  6 17 12 51 32.80 -35.3600  -17.1600  10.0 0.0 7.0 SOUTHERN MID-ATLANTIC RI                
event name:     201506171251A  
time shift:     16.6100
half duration:   7.0000
latitude:      -35.3800
longitude:     -16.4000
depth:          21.8100
Mrr:       7.620000e+24
Mtt:      -1.310000e+26
Mpp:       1.230000e+26
Mrt:      -5.110000e+24
Mrp:       3.680000e+25
Mtp:       2.640000e+26
