PDE 2015  3 30  8 48 26.00 -15.5400 -172.9800  15.5 0.0 6.5 SAMOA ISLANDS REGION                    
event name:     201503300848A  
time shift:      8.1600
half duration:   4.1000
latitude:      -15.3700
longitude:    -172.6500
depth:          17.3100
Mrr:       4.320000e+25
Mtt:       5.790000e+24
Mpp:      -4.900000e+25
Mrt:       1.290000e+25
Mrp:       3.220000e+25
Mtp:       4.830000e+24
