PDE 2012  1 27 14 53 13.00  44.4800   10.0300  60.0 5.2 5.0 NORTHERN ITALY                          
event name:     201201271453A  
time shift:      1.6900
half duration:   0.8000
latitude:       44.5800
longitude:      10.1600
depth:          58.2400
Mrr:       4.050000e+23
Mtt:      -3.500000e+23
Mpp:      -5.500000e+22
Mrt:      -1.710000e+23
Mrp:       1.770000e+22
Mtp:       1.090000e+23
