PDE 2013  6  6 11 53 47.10  36.8100   21.8700  39.4 5.1 5.0 SOUTHERN GREECE                         
event name:     201306061153A  
time shift:      1.0800
half duration:   0.8000
latitude:       36.7700
longitude:      21.8800
depth:          34.2200
Mrr:      -3.350000e+22
Mtt:      -2.390000e+23
Mpp:       2.720000e+23
Mrt:       8.910000e+22
Mrp:      -2.840000e+23
Mtp:      -1.280000e+23
