 PDEW2008  7 30  5  2 56.00  38.0200   20.1200   9.0 4.8 5.0 GREECE                                  
event name:     200807300502A  
time shift:      5.1300
half duration:   0.8000
latitude:       38.0500
longitude:      20.1300
depth:          17.6400
Mrr:       8.900000e+21
Mtt:       4.180000e+23
Mpp:      -4.270000e+23
Mrt:       8.140000e+22
Mrp:      -3.730000e+22
Mtp:       8.450000e+22

