PDE 2011  6 13  2 20 49.30 -43.5600  172.7400   6.1 6.0 6.0 SOUTH ISLAND, NEW ZEALAN                
event name:     201106130220A  
time shift:      5.9400
half duration:   2.3000
latitude:      -43.5200
longitude:     172.6200
depth:          12.0000
Mrr:       2.950000e+24
Mtt:       5.490000e+24
Mpp:      -8.440000e+24
Mrt:       2.500000e+24
Mrp:      -1.860000e+24
Mtp:      -7.530000e+24
