PDE 2010  1  3 22 36 28.00  -8.8000  157.3500  25.0 6.4 7.1 SOLOMON ISLANDS                         
event name:     201001032236A  
time shift:     14.4100
half duration:   8.7000
latitude:       -8.8800
longitude:     157.2100
depth:          12.0000
Mrr:       3.720000e+26
Mtt:      -1.870000e+26
Mpp:      -1.850000e+26
Mrt:       3.460000e+26
Mrp:      -2.610000e+26
Mtp:       2.040000e+26
