PDE 2009 10 15 17 48 21.90   3.2700 -103.8200  10.0 5.9 6.0 GALAPAGOS TRIPLE JUNCTIO                
event name:     200910151748A  
time shift:      1.9800
half duration:   2.4000
latitude:        3.3000
longitude:    -103.7500
depth:          12.0000
Mrr:       1.100000e+25
Mtt:      -1.560000e+24
Mpp:      -9.420000e+24
Mrt:       8.600000e+22
Mrp:      -2.790000e+24
Mtp:       3.700000e+24
