PDE 2013  4 14  1 32 22.60  -6.4700  154.6100  31.0 6.0 6.6 SOLOMON ISLANDS                         
event name:     201304140132A  
time shift:      5.1200
half duration:   4.5000
latitude:       -6.7400
longitude:     154.5600
depth:          28.9100
Mrr:       6.370000e+25
Mtt:      -3.540000e+25
Mpp:      -2.830000e+25
Mrt:       3.360000e+25
Mrp:      -3.200000e+25
Mtp:       3.470000e+25
