 PDEW2014  4 30  4  3 32.40  38.2300   25.1300  32.0 0.0 4.8 AEGEAN SEA                              
event name:     201404300403A  
time shift:      1.9200
half duration:   0.7000
latitude:       38.1800
longitude:      25.0900
depth:          12.6800
Mrr:      -1.400000e+23
Mtt:       2.810000e+23
Mpp:      -1.410000e+23
Mrt:       2.650000e+22
Mrp:       6.740000e+22
Mtp:      -1.980000e+23

