PDE 2015  5 12  7 36 54.50  27.6200   86.1600  15.0 0.0 6.3 NEPAL                                   
event name:     201505120736A  
time shift:      5.1400
half duration:   2.8000
latitude:       27.3700
longitude:      86.3500
depth:          20.0700
Mrr:       1.370000e+25
Mtt:      -1.540000e+25
Mpp:       1.720000e+24
Mrt:       1.240000e+25
Mrp:       1.370000e+24
Mtp:       4.260000e+24
