PDE 2011  7 29  7 42 22.60 -23.7800  179.7600 523.0 6.2 6.7 SOUTH OF FIJI ISLANDS                   
event name:     201107290742A  
time shift:      5.4300
half duration:   5.6000
latitude:      -23.7800
longitude:     179.9200
depth:         538.9500
Mrr:       1.190000e+26
Mtt:      -1.360000e+26
Mpp:       1.750000e+25
Mrt:      -6.400000e+25
Mrp:      -5.140000e+25
Mtp:      -2.210000e+25
