PDE 2012  5 20  7 20 36.90  39.6500  143.1600  11.0 5.9 6.3 OFF EAST COAST OF HONSHU                
event name:     201205200719A  
time shift:      7.1000
half duration:   3.7000
latitude:       39.6100
longitude:     143.5800
depth:          17.2400
Mrr:       2.060000e+25
Mtt:       3.300000e+23
Mpp:      -2.090000e+25
Mrt:       1.450000e+25
Mrp:       3.440000e+25
Mtp:      -3.420000e+24
