PDE 2015  9  7  9 13 58.90 -32.9300 -177.8900  35.3 0.0 6.4 SOUTH OF KERMADEC ISLAND                
event name:     201509070913A  
time shift:      4.8400
half duration:   3.1000
latitude:      -32.8200
longitude:    -177.7100
depth:          12.0000
Mrr:       1.520000e+25
Mtt:      -4.570000e+23
Mpp:      -1.480000e+25
Mrt:       3.810000e+24
Mrp:       1.890000e+25
Mtp:      -4.810000e+24
