 PDEW2014  5 19  0 59 19.70  40.9400   19.9100  10.0 0.0 5.0 ALBANIA                                 
event name:     201405190059A  
time shift:      3.3700
half duration:   0.9000
latitude:       40.9100
longitude:      19.9400
depth:          19.9700
Mrr:       1.350000e+23
Mtt:      -4.580000e+23
Mpp:       3.230000e+23
Mrt:      -2.110000e+23
Mrp:       2.620000e+23
Mtp:       1.730000e+23

