 PDEW2008  7 15 23 52 37.80  35.8700   27.9000  58.0 5.2 0.0 DODECANESE ISLANDS, GREE                
event name:     200807152352A  
time shift:      1.0200
half duration:   0.7000
latitude:       35.6700
longitude:      27.7500
depth:          41.5300
Mrr:      -9.740000e+22
Mtt:       2.980000e+22
Mpp:       6.760000e+22
Mrt:       1.210000e+23
Mrp:       1.060000e+22
Mtp:       2.850000e+23

