PDE 2008  3  3  9 31  2.50  46.4100  153.1800  10.0 6.2 6.5 KURIL ISLANDS                           
event name:     200803030931A  
time shift:      8.1500
half duration:   4.2000
latitude:       46.2600
longitude:     153.3800
depth:          13.6000
Mrr:       4.990000e+25
Mtt:      -2.010000e+25
Mpp:      -2.970000e+25
Mrt:       1.750000e+25
Mrp:       3.250000e+25
Mtp:      -3.180000e+25
