PDE 2013  5 24 14 56 31.50  52.2400  151.4400 624.0 6.7 6.7 SEA OF OKHOTSK                          
event name:     201305241456A  
time shift:      3.3800
half duration:   5.6000
latitude:       52.3600
longitude:     151.4800
depth:         642.3700
Mrr:      -1.270000e+26
Mtt:       5.410000e+25
Mpp:       7.260000e+25
Mrt:      -2.380000e+25
Mrp:      -9.490000e+25
Mtp:       5.240000e+25
