 PDEW2008  2 19 23 15 40.00  36.1900   21.7700  22.0 4.9 5.5 SOUTHERN GREECE                         
event name:     200802192315A  
time shift:      5.8700
half duration:   1.2000
latitude:       36.2100
longitude:      21.7200
depth:          20.8600
Mrr:       5.380000e+22
Mtt:      -6.620001e+23
Mpp:       6.080000e+23
Mrt:       2.440000e+23
Mrp:      -3.270000e+23
Mtp:       1.110000e+24

