PDE 2010  9  9  7 28  1.70 -37.0300  -73.4100  16.0 5.8 6.2 NEAR COAST OF CENTRAL CH                
event name:     201009090728A  
time shift:      3.8600
half duration:   3.0000
latitude:      -37.2700
longitude:     -74.1600
depth:          12.0000
Mrr:       1.080000e+25
Mtt:       3.820000e+23
Mpp:      -1.120000e+25
Mrt:      -5.030000e+23
Mrp:      -2.030000e+25
Mtp:      -1.310000e+24
