 PDEW2008  5  8 12 26 22.60  36.1100   21.9500  10.0 4.5 4.7 SOUTHERN GREECE                         
event name:     200805081226A  
time shift:      5.7400
half duration:   0.7000
latitude:       36.2600
longitude:      21.8100
depth:          13.6500
Mrr:       2.980000e+23
Mtt:      -2.200000e+23
Mpp:      -7.820000e+22
Mrt:       8.690000e+22
Mrp:      -2.010000e+22
Mtp:       1.220000e+23

