 PDEW2007  1 23 21 22  0.80  38.1300   28.8200  26.6 4.3 4.6 TURKEY                                  
event name:     200701232122A  
time shift:      1.0400
half duration:   0.7000
latitude:       38.2800
longitude:      28.5200
depth:          13.1700
Mrr:      -2.160000e+23
Mtt:       1.350000e+23
Mpp:       8.150001e+22
Mrt:      -1.050000e+23
Mrp:       1.260000e+23
Mtp:      -1.270000e+23

