PDE 2010  8  4 12 58 24.20  51.4200 -178.6500  27.0 6.2 6.4 ANDREANOF ISLANDS, ALEUT                
event name:     201008041258A  
time shift:      5.6800
half duration:   3.9000
latitude:       51.1200
longitude:    -178.4800
depth:          31.7600
Mrr:       3.400000e+25
Mtt:      -3.420000e+25
Mpp:       1.970000e+23
Mrt:       2.660000e+25
Mrp:       2.280000e+25
Mtp:      -1.230000e+25
