PDE 2010 10  3 15 20 57.80  34.9300   26.5400  10.0 5.3 5.0 CRETE, GREECE                           
event name:     201010031521A  
time shift:      3.2400
half duration:   1.1000
latitude:       34.9000
longitude:      26.3900
depth:          12.0000
Mrr:      -3.460000e+23
Mtt:       1.470000e+23
Mpp:       2.000000e+23
Mrt:       1.230000e+24
Mrp:       1.250000e+23
Mtp:       8.070000e+22
