PDE 2014  1 26 18 45  9.10  38.2700   20.2700  10.3 0.0 5.4 GREECE                                  
event name:     201401261845A  
time shift:      2.9000
half duration:   1.3000
latitude:       38.1000
longitude:      20.2500
depth:          16.4500
Mrr:       1.390000e+24
Mtt:       1.970000e+23
Mpp:      -1.580000e+24
Mrt:       1.310000e+24
Mrp:      -4.670000e+23
Mtp:       2.520000e+23
