PDE 2013  4 20  0  2 47.50  30.3100  102.8900  14.0 6.5 6.8 SICHUAN, CHINA                          
event name:     201304200002A  
time shift:      5.5700
half duration:   4.9000
latitude:       30.2200
longitude:     103.1200
depth:          21.8700
Mrr:       9.500000e+25
Mtt:      -1.130000e+25
Mpp:      -8.370000e+25
Mrt:      -3.900000e+24
Mrp:       1.560000e+25
Mtp:      -4.520000e+25
