PDE 2009 10  8 21 16 13.90 -12.9100  166.3100  35.0 5.7 5.9 SANTA CRUZ ISLANDS                      
event name:     200910082116A  
time shift:      3.7000
half duration:   2.3000
latitude:      -12.9100
longitude:     166.1000
depth:          15.9600
Mrr:       5.390000e+24
Mtt:       4.570000e+23
Mpp:      -5.840000e+24
Mrt:       2.990000e+24
Mrp:      -8.860000e+24
Mtp:       1.020000e+24
