PDE 2013  5 18  5 47 59.50  37.7400  141.4700  39.0 6.1 6.0 NEAR EAST COAST OF HONSH                
event name:     201305180548A  
time shift:      3.7700
half duration:   2.5000
latitude:       37.7100
longitude:     141.7200
depth:          49.5700
Mrr:       9.990001e+24
Mtt:      -1.450000e+24
Mpp:      -8.540000e+24
Mrt:       3.480000e+24
Mrp:       8.230000e+24
Mtp:      -3.560000e+24
