PDE 2015  1  7  5  7  8.40   5.8300  -82.6500  10.0 0.0 6.6 SOUTH OF PANAMA                         
event name:     201501070507A  
time shift:     10.5000
half duration:   4.1000
latitude:        5.5900
longitude:     -82.6100
depth:          20.7600
Mrr:      -2.400000e+24
Mtt:       2.070000e+23
Mpp:       2.200000e+24
Mrt:       5.060000e+24
Mrp:       2.030000e+24
Mtp:       6.090000e+25
