PDE 2011  2 10 14 39 27.70   4.2000  122.9700 523.2 6.1 6.5 CELEBES SEA                             
event name:     201102101439A  
time shift:      2.4800
half duration:   4.5000
latitude:        4.1400
longitude:     122.9100
depth:         520.9400
Mrr:      -5.050000e+25
Mtt:       1.490000e+25
Mpp:       3.560000e+25
Mrt:      -2.210000e+25
Mrp:      -5.520000e+25
Mtp:       2.000000e+25
