PDE 2014  7 20 18 32 47.80  44.6400  148.7800  61.0 0.0 6.2 KURIL ISLANDS                           
event name:     201407201832A  
time shift:      2.6100
half duration:   3.4000
latitude:       44.6300
longitude:     148.9400
depth:          66.6000
Mrr:       2.110000e+25
Mtt:       4.280000e+24
Mpp:      -2.540000e+25
Mrt:       1.720000e+25
Mrp:       1.360000e+25
Mtp:      -6.910000e+24
