PDE 2014  8  3  8 30 13.60  27.1900  103.4100  12.0 0.0 6.2 YUNNAN, CHINA                           
event name:     201408030830A  
time shift:      2.5500
half duration:   2.9000
latitude:       27.0600
longitude:     103.5000
depth:          14.5900
Mrr:      -2.000000e+23
Mtt:       1.310000e+25
Mpp:      -1.290000e+25
Mrt:      -5.500000e+23
Mrp:      -3.550000e+24
Mtp:      -1.640000e+25
