PDE 2014 11 22  8 55 27.40  30.3400  101.7200  14.6 0.0 5.9 SICHUAN, CHINA                          
event name:     201411220855A  
time shift:      4.9500
half duration:   2.9000
latitude:       30.2400
longitude:     101.8100
depth:          24.3700
Mrr:      -1.660000e+24
Mtt:       2.010000e+25
Mpp:      -1.850000e+25
Mrt:       5.370000e+23
Mrp:       3.420000e+24
Mtp:      -5.890000e+24
