PDE 2015  1 23  3 47 27.10 -17.0300  168.5200 220.0 0.0 6.8 VANUATU ISLANDS                         
event name:     201501230347A  
time shift:      6.3000
half duration:   6.0000
latitude:      -17.0600
longitude:     168.3600
depth:         231.0000
Mrr:       1.020000e+26
Mtt:      -1.690000e+26
Mpp:       6.690000e+25
Mrt:       1.210000e+25
Mrp:      -7.440000e+25
Mtp:      -8.670000e+25
