PDE 2010 11  3  2 51 27.00  40.4200   26.3300  15.3 5.1 5.3 TURKEY                                  
event name:     201011030251A  
time shift:      4.2700
half duration:   1.1000
latitude:       40.4200
longitude:      26.3200
depth:          24.0000
Mrr:      -1.860000e+23
Mtt:       7.410001e+23
Mpp:      -5.560000e+23
Mrt:       2.150000e+22
Mrp:       9.250000e+22
Mtp:      -1.040000e+24
