PDE 2008  6 13 23 43 45.40  39.0300  140.8800   7.8 6.5 7.0 EASTERN HONSHU, JAPAN                   
event name:     200806132343A  
time shift:      7.7600
half duration:   6.7000
latitude:       39.0300
longitude:     140.8500
depth:          12.0000
Mrr:       2.460000e+26
Mtt:      -9.800000e+24
Mpp:      -2.370000e+26
Mrt:      -1.600000e+25
Mrp:      -2.570000e+25
Mtp:      -8.780000e+25
