PDE 2014  1 28 22 22 17.60  56.8600  -34.5900  14.6 0.0 5.1 REYKJANES RIDGE                         
event name:     201401282222A  
time shift:      0.0700
half duration:   1.2000
latitude:       56.6800
longitude:     -34.3400
depth:          12.0000
Mrr:      -1.290000e+24
Mtt:      -6.290000e+22
Mpp:       1.350000e+24
Mrt:      -2.550000e+23
Mrp:       9.990000e+22
Mtp:       8.500000e+22
