PDE 2008 11 21  7  5 34.90  -8.9500  159.5500 118.0 6.0 6.1 SOLOMON ISLANDS                         
event name:     200811210705A  
time shift:      1.6800
half duration:   2.5000
latitude:       -8.9700
longitude:     159.7300
depth:         125.4700
Mrr:       1.010000e+25
Mtt:      -4.400000e+24
Mpp:      -5.680000e+24
Mrt:      -6.990000e+24
Mrp:       4.050000e+23
Mtp:       6.080000e+24
