PDE 2008  9  1  4  0 39.40 -25.3900 -177.6400 171.1 5.7 6.0 SOUTH OF FIJI ISLANDS                   
event name:     200809010400A  
time shift:      1.4300
half duration:   2.4000
latitude:      -25.5100
longitude:    -177.2500
depth:         172.3100
Mrr:       1.170000e+24
Mtt:      -3.040000e+24
Mpp:       1.870000e+24
Mrt:      -7.820001e+24
Mrp:      -8.370000e+24
Mtp:      -3.320000e+24
