PDE 2009  6  2  2 17  3.50 -17.7600  167.9500  15.0 5.7 6.3 VANUATU ISLANDS                         
event name:     200906020217A  
time shift:      8.2500
half duration:   3.6000
latitude:      -17.7300
longitude:     167.6400
depth:          19.7800
Mrr:       2.850000e+25
Mtt:       2.140000e+24
Mpp:      -3.060000e+25
Mrt:       9.820000e+24
Mrp:      -2.760000e+25
Mtp:       3.540000e+24
