 PDEW2014  4  4 20  8  7.00  37.2800   23.8700 107.0 0.0 5.6 SOUTHERN GREECE                         
event name:     201404042008A  
time shift:      1.3800
half duration:   1.5000
latitude:       37.1100
longitude:      23.6900
depth:         122.3700
Mrr:       1.620000e+24
Mtt:      -1.420000e+24
Mpp:      -2.000000e+23
Mrt:      -1.210000e+24
Mrp:       7.290000e+23
Mtp:      -2.190000e+24

