PDE 2009  8  5  0 17 58.80  24.2300  125.1000  25.0 5.9 6.2 SOUTHWESTERN RYUKYU ISL.                
event name:     200908050018A  
time shift:      2.5800
half duration:   2.8000
latitude:       24.1600
longitude:     125.2600
depth:          31.1400
Mrr:       9.780000e+24
Mtt:      -6.070000e+24
Mpp:      -3.710000e+24
Mrt:       8.570000e+24
Mrp:       1.330000e+25
Mtp:      -6.840000e+24
