PDE 2009 12 22  6  6 23.40  35.7200   31.5100  63.5 5.3 0.0 CYPRUS REGION                           
event name:     200912220606A  
time shift:      1.4200
half duration:   1.1000
latitude:       35.5000
longitude:      31.3000
depth:          57.1900
Mrr:       8.050000e+23
Mtt:      -4.440000e+23
Mpp:      -3.620000e+23
Mrt:       4.860000e+23
Mrp:      -4.560000e+23
Mtp:       6.710001e+23
