PDE 2011  9  3  4 48 57.30 -56.4500  -26.8500  84.0 6.1 6.4 SOUTH SANDWICH ISLANDS R                
event name:     201109030449A  
time shift:      5.9800
half duration:   3.7000
latitude:      -56.5700
longitude:     -26.4400
depth:          98.9200
Mrr:       3.490000e+25
Mtt:      -2.350000e+24
Mpp:      -3.260000e+25
Mrt:      -2.010000e+25
Mrp:       1.050000e+25
Mtp:       1.810000e+25
