PDE 2012  3 27 11  0 44.50  39.8600  142.0200  15.0 6.0 6.1 NEAR EAST COAST OF HONSH                
event name:     201203271100A  
time shift:      3.6700
half duration:   2.5000
latitude:       39.7600
longitude:     142.2200
depth:          13.7500
Mrr:       8.450000e+24
Mtt:      -6.550000e+24
Mpp:      -1.900000e+24
Mrt:      -6.590000e+24
Mrp:      -1.890000e+24
Mtp:       8.620000e+24
