PDE 2010  7 18 19 48  7.00  52.7700 -169.5600  25.7 5.6 6.0 FOX ISLANDS, ALEUTIAN IS                
event name:     201007181948A  
time shift:      2.6800
half duration:   2.5000
latitude:       52.6000
longitude:    -169.4300
depth:          12.0000
Mrr:      -1.270000e+25
Mtt:       4.040000e+24
Mpp:       8.630000e+24
Mrt:       2.500000e+24
Mrp:       1.380000e+24
Mtp:      -7.680000e+24
