PDE 2009  5 10  1 16  7.00   1.3900  -85.1700   6.0 5.5 6.1 OFF COAST OF ECUADOR                    
event name:     200905100116A  
time shift:      4.5600
half duration:   2.8000
latitude:        1.2200
longitude:     -85.3300
depth:          14.3500
Mrr:      -9.030000e+23
Mtt:       4.590000e+24
Mpp:      -3.690000e+24
Mrt:      -1.710000e+24
Mrp:       1.820000e+24
Mtp:       1.740000e+25
