PDE 2011 11 30  0 27  7.00  15.4500  119.0000   9.0 6.0 6.1 PHILIPPINE ISLANDS REGIO                
event name:     201111300027A  
time shift:      2.0700
half duration:   2.6000
latitude:       15.5400
longitude:     118.9700
depth:          12.3100
Mrr:      -1.050000e+25
Mtt:       1.630000e+24
Mpp:       8.840001e+24
Mrt:       5.080000e+24
Mrp:       6.640000e+24
Mtp:       6.730000e+24
