PDE 2011  2 10 14 41 58.80   4.0800  123.0400 525.0 6.3 6.6 CELEBES SEA                             
event name:     201102101441A  
time shift:      2.9100
half duration:   4.4000
latitude:        4.2200
longitude:     123.2800
depth:         517.5600
Mrr:       6.170000e+24
Mtt:       8.300000e+24
Mpp:      -1.450000e+25
Mrt:      -1.470000e+25
Mrp:      -7.010000e+25
Mtp:      -1.250000e+24
