PDE 2010  1 12 22  0 41.50  18.3900  -72.7900  10.0 6.0 0.0 HAITI REGION                            
event name:     201001122200A  
time shift:      4.5700
half duration:   3.1000
latitude:       18.5800
longitude:     -72.8800
depth:          12.0000
Mrr:       1.220000e+25
Mtt:      -9.080000e+24
Mpp:      -3.150000e+24
Mrt:      -3.220000e+23
Mrp:       1.890000e+24
Mtp:       5.020000e+24
