PDE 2014 11 16 22 33 22.70 -37.6700  179.6600  35.0 0.0 6.7 OFF E. COAST OF N. ISLAN                
event name:     201411162233A  
time shift:      5.1600
half duration:   5.3000
latitude:      -37.5300
longitude:     179.7800
depth:          20.0700
Mrr:      -1.040000e+26
Mtt:       2.470000e+25
Mpp:       7.940000e+25
Mrt:       2.700000e+25
Mrp:       3.850000e+25
Mtp:       7.990000e+25
