PDE 2010  5 31 19 51 55.50  11.1200   93.4500 112.0 6.1 6.5 ANDAMAN ISLANDS, INDIA R                
event name:     201005311951A  
time shift:     -5.6400
half duration:   4.2000
latitude:       11.1600
longitude:      93.7000
depth:         127.9300
Mrr:       2.330000e+25
Mtt:      -4.030000e+25
Mpp:       1.700000e+25
Mrt:      -4.210000e+25
Mrp:      -1.880000e+25
Mtp:       2.660000e+25
