PDE 2009  7 13 18  5  1.40  24.0600  122.2000  17.0 6.1 6.3 TAIWAN REGION                           
event name:     200907131805A  
time shift:      5.2200
half duration:   3.5000
latitude:       23.9500
longitude:     122.0300
depth:          26.2200
Mrr:       1.460000e+25
Mtt:      -2.240000e+25
Mpp:       7.760000e+24
Mrt:       3.090000e+25
Mrp:       1.230000e+25
Mtp:       2.360000e+24
