PDE 2014 10  7 13 49 40.10  23.3900  100.4900  10.9 0.0 6.0 YUNNAN, CHINA                           
event name:     201410071349A  
time shift:      5.6400
half duration:   2.9000
latitude:       23.3500
longitude:     100.5500
depth:          13.6900
Mrr:      -8.230000e+23
Mtt:      -1.810000e+25
Mpp:       1.890000e+25
Mrt:       3.070000e+24
Mrp:       9.310000e+23
Mtp:       9.690000e+24
