PDE 2013  9 30  5 55 55.70 -30.8800 -178.3800  42.1 0.0 6.5 KERMADEC ISLANDS, NEW ZE                
event name:     201309300555A  
time shift:      5.8000
half duration:   3.9000
latitude:      -30.8300
longitude:    -177.9900
depth:          51.2400
Mrr:       4.560000e+25
Mtt:      -2.120000e+24
Mpp:      -4.350000e+25
Mrt:       2.790000e+24
Mrp:       2.120000e+25
Mtp:      -1.430000e+25
