PDE 2008  4 23 18 28 41.90  22.8800  121.6200  10.0 5.6 6.0 TAIWAN REGION                           
event name:     200804231828A  
time shift:      3.1800
half duration:   2.4000
latitude:       22.8500
longitude:     121.6400
depth:          12.0000
Mrr:      -1.600000e+23
Mtt:       7.380000e+24
Mpp:      -7.220000e+24
Mrt:       2.000000e+24
Mrp:       3.010000e+24
Mtp:      -8.100000e+24
