PDE 2013  2  1 22 16 34.20 -10.9000  165.3800  10.0 5.3 6.3 SANTA CRUZ ISLANDS                      
event name:     201302012216A  
time shift:     10.1700
half duration:   3.9000
latitude:      -11.1500
longitude:     165.2300
depth:          12.9700
Mrr:       2.650000e+25
Mtt:      -7.890000e+24
Mpp:      -1.860000e+25
Mrt:       2.400000e+25
Mrp:      -3.350000e+25
Mtp:       1.350000e+25
