PDE 2009 12 17 14 55 36.30  42.4500  -30.5700   4.0 5.4 5.4 AZORES ISLANDS REGION                   
event name:     200912171455A  
time shift:      8.5600
half duration:   1.3000
latitude:       42.5400
longitude:     -30.4500
depth:          17.2700
Mrr:      -1.280000e+24
Mtt:       2.400000e+24
Mpp:      -1.120000e+24
Mrt:      -1.700000e+22
Mrp:      -4.960000e+22
Mtp:      -3.780000e+23
