PDE 2013 11  2 15 52 46.10 -23.6300 -112.5900  10.0 0.0 6.0 EASTER ISLAND REGION                    
event name:     201311021552A  
time shift:      6.0100
half duration:   2.5000
latitude:      -23.6900
longitude:    -112.6000
depth:          14.7700
Mrr:      -1.220000e+25
Mtt:       1.220000e+25
Mpp:       2.490000e+22
Mrt:       1.950000e+24
Mrp:      -2.290000e+24
Mtp:      -4.550000e+24
