PDE 2012 12 15  4 49 29.60  52.2900  174.0100  26.0 5.7 6.0 NEAR ISLANDS, ALEUTIAN I                
event name:     201212150449A  
time shift:      4.5200
half duration:   2.5000
latitude:       52.3100
longitude:     173.9600
depth:          32.8100
Mrr:       7.130000e+24
Mtt:      -9.150000e+24
Mpp:       2.020000e+24
Mrt:       7.930000e+24
Mrp:       6.800000e+24
Mtp:      -1.320000e+24
