PDE 2010  6 18  2 23  5.20  44.4500  148.6900  25.0 5.9 6.2 KURIL ISLANDS                           
event name:     201006180223A  
time shift:      6.0300
half duration:   2.9000
latitude:       44.3400
longitude:     148.9400
depth:          31.4900
Mrr:       1.390000e+25
Mtt:      -3.740000e+24
Mpp:      -1.020000e+25
Mrt:       4.550000e+24
Mrp:       1.450000e+25
Mtp:      -1.030000e+25
