PDE 2013 11 25  7 21 18.40 -53.8400  -53.8000  10.0 0.0 5.5 SOUTH ATLANTIC OCEAN                    
event name:     201311250721A  
time shift:      3.5000
half duration:   2.3000
latitude:      -53.8400
longitude:     -53.8400
depth:          12.0000
Mrr:       2.580000e+24
Mtt:      -7.450000e+24
Mpp:       4.870000e+24
Mrt:       3.880000e+24
Mrp:      -1.360000e+24
Mtp:       8.510000e+24
