PDE 2011  7 26 17 44 20.40  25.1000 -109.5300  12.0 5.6 6.0 GULF OF CALIFORNIA                      
event name:     201107261744A  
time shift:      2.3300
half duration:   2.6000
latitude:       25.0600
longitude:    -109.6300
depth:          17.4700
Mrr:      -6.650000e+23
Mtt:      -1.360000e+25
Mpp:       1.430000e+25
Mrt:      -3.510000e+24
Mrp:       1.350000e+23
Mtp:      -1.250000e+24
