PDE 2009  9  3 13 26 18.20  31.1400  130.0200 165.5 5.9 6.2 KYUSHU, JAPAN                           
event name:     200909031326A  
time shift:      3.6600
half duration:   3.0000
latitude:       31.0800
longitude:     130.1900
depth:         168.4300
Mrr:       1.440000e+25
Mtt:      -6.960000e+24
Mpp:      -7.460000e+24
Mrt:       3.290000e+24
Mrp:       1.940000e+25
Mtp:      -7.550000e+24
