PDE 2011  4  7 14 32 43.30  38.2800  141.5900  42.0 6.9 7.1 NEAR EAST COAST OF HONSH                
event name:     201104071432A  
time shift:      7.3200
half duration:   8.8000
latitude:       38.3200
longitude:     141.8500
depth:          53.3100
Mrr:       5.990000e+26
Mtt:      -1.430000e+26
Mpp:      -4.550000e+26
Mrt:      -1.110000e+26
Mrp:      -1.250000e+26
Mtp:      -1.650000e+26
