PDE 2015  7 27  4 49 46.60  52.4400 -169.6000  27.1 0.0 6.9 FOX ISLANDS, ALEUTIAN IS                
event name:     201507270449A  
time shift:      5.5900
half duration:   6.9000
latitude:       52.1600
longitude:    -169.4000
depth:          27.9300
Mrr:       1.900000e+26
Mtt:      -1.520000e+26
Mpp:      -3.720000e+25
Mrt:       1.860000e+26
Mrp:       9.830000e+25
Mtp:      -8.469999e+25
