 PDEW2009 12 29 11  8 54.70  32.5700   15.0600  10.0 4.7 0.0 NEAR COAST OF LIBYA                     
event name:     200912291108A  
time shift:      1.6400
half duration:   0.8000
latitude:       32.5600
longitude:      15.0400
depth:          12.0000
Mrr:      -3.230000e+23
Mtt:       2.570000e+23
Mpp:       6.610000e+22
Mrt:       9.380000e+22
Mrp:      -1.660000e+23
Mtp:      -1.250000e+23

