PDE 2009  9  2 18  0 11.40 -29.3500 -178.9600 275.1 5.8 6.2 KERMADEC ISLANDS, NEW ZE                
event name:     200909021800A  
time shift:      2.1000
half duration:   2.9000
latitude:      -29.2400
longitude:    -178.6700
depth:         259.4300
Mrr:      -1.440000e+25
Mtt:      -4.280000e+24
Mpp:       1.870000e+25
Mrt:      -9.260000e+24
Mrp:       3.710000e+24
Mtp:       7.240000e+24
