PDE 2008 11 22 18 49 42.40  -1.2300  -13.9300  10.0 5.9 6.3 NORTH OF ASCENSION ISLAN                
event name:     200811221849A  
time shift:      7.9200
half duration:   3.4000
latitude:       -0.7700
longitude:     -13.8000
depth:          17.7600
Mrr:      -2.280000e+24
Mtt:       1.330000e+25
Mpp:      -1.100000e+25
Mrt:      -4.700000e+24
Mrp:       1.120000e+25
Mtp:      -2.990000e+25
