PDE 2015  3 22  5 46 23.40 -17.8200 -178.4500 615.0 0.0 5.2 FIJI ISLANDS REGION                     
event name:     201503220546A  
time shift:      2.7100
half duration:   2.7000
latitude:      -17.8400
longitude:    -178.4800
depth:         615.8200
Mrr:      -8.160000e+24
Mtt:       1.300000e+25
Mpp:      -4.800000e+24
Mrt:       7.670000e+23
Mrp:      -8.920000e+24
Mtp:      -7.470000e+24
