PDE 2008  8 28 15 22 23.70  -0.2500  -17.3600  15.0 5.8 6.3 NORTH OF ASCENSION ISLAN                
event name:     200808281522A  
time shift:      6.7500
half duration:   3.4000
latitude:        0.1800
longitude:     -17.3700
depth:          21.2600
Mrr:      -8.650000e+23
Mtt:       1.250000e+25
Mpp:      -1.160000e+25
Mrt:       1.060000e+24
Mrp:      -3.810000e+24
Mtp:      -3.090000e+25
