PDE 2011  1 26 15 42 29.60   2.2000   96.8300  23.0 5.8 6.1 NORTHERN SUMATRA, INDONE                
event name:     201101261542A  
time shift:      5.9300
half duration:   2.5000
latitude:        1.8700
longitude:      96.5200
depth:          22.7100
Mrr:       7.490000e+24
Mtt:      -4.260000e+24
Mpp:      -3.230000e+24
Mrt:       6.590000e+24
Mrp:      -7.920000e+24
Mtp:       3.760000e+24
