PDE 2010  1 22  0 46 56.70  38.4200   22.0400   5.0 5.6 5.2 GREECE                                  
event name:     201001220046A  
time shift:      3.0200
half duration:   1.2000
latitude:       38.3400
longitude:      22.0400
depth:          14.0200
Mrr:      -1.240000e+24
Mtt:       1.520000e+24
Mpp:      -2.750000e+23
Mrt:       3.760000e+22
Mrp:      -5.290000e+23
Mtp:      -1.300000e+23
