PDE 2009  2 11 18 25 11.20   4.0300  126.7800  35.0 5.8 6.0 TALAUD ISLANDS, INDONESI                
event name:     200902111825A  
time shift:      3.1100
half duration:   2.4000
latitude:        4.0600
longitude:     126.8800
depth:          26.2000
Mrr:       1.120000e+25
Mtt:      -2.440000e+22
Mpp:      -1.110000e+25
Mrt:      -2.120000e+24
Mrp:      -2.280000e+23
Mtp:       3.340000e+23
