PDE 2009  2 12  8 30 17.30   3.9700  126.7200  35.0 5.9 6.0 TALAUD ISLANDS, INDONESI                
event name:     200902120830A  
time shift:      2.8200
half duration:   2.3000
latitude:        4.1000
longitude:     126.8800
depth:          25.4700
Mrr:       9.650000e+24
Mtt:       1.310000e+24
Mpp:      -1.100000e+25
Mrt:      -1.770000e+24
Mrp:       2.180000e+24
Mtp:       9.100001e+23
