PDE 2012  8 30 13 43 25.20  71.4400  -10.6200  14.0 5.9 6.8 JAN MAYEN ISLAND REGION                 
event name:     201208301343A  
time shift:     10.2000
half duration:   5.7000
latitude:       71.4400
longitude:      -9.8400
depth:          23.6000
Mrr:      -1.100000e+24
Mtt:       1.100000e+26
Mpp:      -1.090000e+26
Mrt:      -5.000000e+24
Mrp:       2.300000e+25
Mtp:       1.190000e+26
