PDE 2012  1 26  4 24 58.30  36.0600   25.0700  29.0 5.2 5.3 DODECANESE ISLANDS, GREE                
event name:     201201260424A  
time shift:      1.5600
half duration:   1.0000
latitude:       35.9200
longitude:      24.9000
depth:          15.0000
Mrr:      -2.490000e+23
Mtt:       7.790000e+22
Mpp:       1.710000e+23
Mrt:      -4.970000e+22
Mrp:       6.320000e+23
Mtp:       5.220000e+23
