PDE 2011  3 15 13 27 56.60  37.5800  142.2400  28.0 5.7 6.1 OFF EAST COAST OF HONSHU                
event name:     201103151327A  
time shift:      4.8300
half duration:   2.7000
latitude:       37.6700
longitude:     142.1300
depth:          27.8400
Mrr:       2.000000e+24
Mtt:       3.480000e+24
Mpp:      -5.480000e+24
Mrt:      -1.260000e+25
Mrp:       9.610000e+24
Mtp:       1.910000e+24
