 PDEW2011  8 20  2  0 24.50  37.9200   21.7100   7.3 4.9 4.9 SOUTHERN GREECE                         
event name:     201108200200A  
time shift:      2.4500
half duration:   0.8000
latitude:       37.8400
longitude:      21.6000
depth:          26.2200
Mrr:      -7.380000e+22
Mtt:       3.610000e+23
Mpp:      -2.870000e+23
Mrt:       1.070000e+23
Mrp:       2.790000e+23
Mtp:      -2.560000e+23

