PDE 2012 12 23  6 38 57.10  38.4700   44.8600  10.0 5.2 5.0 TURKEY-IRAN BORDER REGIO                
event name:     201212230638A  
time shift:      3.1500
half duration:   0.8000
latitude:       38.3100
longitude:      44.8500
depth:          27.9400
Mrr:       1.920000e+23
Mtt:      -5.140000e+22
Mpp:      -1.410000e+23
Mrt:       2.530000e+23
Mrp:      -6.360000e+22
Mtp:      -3.770000e+23
