PDE 2009  8 12 22 48 51.40  32.8200  140.4000  53.0 6.2 6.6 SOUTHEAST OF HONSHU, JAP                
event name:     200908122248A  
time shift:      4.5000
half duration:   4.8000
latitude:       32.7400
longitude:     140.6800
depth:          55.1800
Mrr:       3.870000e+25
Mtt:      -5.020000e+24
Mpp:      -3.370000e+25
Mrt:      -1.720000e+25
Mrp:      -8.009999e+25
Mtp:      -2.850000e+25
