 PDEW2011 12  5  8 17 26.60  38.8100   26.2300   6.0 4.9 5.1 AEGEAN SEA                              
event name:     201112050817A  
time shift:      1.7300
half duration:   0.6000
latitude:       38.8100
longitude:      26.3500
depth:          14.3800
Mrr:      -1.640000e+23
Mtt:       1.780000e+23
Mpp:      -1.430000e+22
Mrt:      -3.010000e+22
Mrp:      -2.780000e+21
Mtp:      -4.120000e+22

