PDE 2010  2 11 21 56 31.50  34.0000   25.3900  14.0 5.4 5.4 CRETE, GREECE                           
event name:     201002112156A  
time shift:      4.9400
half duration:   1.3000
latitude:       34.1200
longitude:      25.3600
depth:          12.2500
Mrr:       1.490000e+24
Mtt:      -1.540000e+24
Mpp:       4.600000e+22
Mrt:       7.180001e+23
Mrp:      -4.570000e+23
Mtp:       6.690000e+23
