PDE 2009  9 23  2 59 30.50 -52.9600  159.9100  10.0 5.3 6.0 MACQUARIE ISLAND REGION                 
event name:     200909230259A  
time shift:      7.7600
half duration:   2.4000
latitude:      -52.9500
longitude:     159.5800
depth:          20.9300
Mrr:       2.080000e+22
Mtt:       1.120000e+25
Mpp:      -1.120000e+25
Mrt:       3.990000e+23
Mrp:       1.630000e+23
Mtp:       4.910000e+24
