PDE 2012  6  4  3 15 24.80   5.5100  -82.5600   7.0 5.8 6.3 SOUTH OF PANAMA                         
event name:     201206040315A  
time shift:      5.4100
half duration:   3.4000
latitude:        5.4200
longitude:     -82.6000
depth:          17.7200
Mrr:      -5.920000e+24
Mtt:       3.250000e+25
Mpp:      -2.660000e+25
Mrt:       6.070000e+24
Mrp:       4.070000e+24
Mtp:       1.460000e+25
