PDE 2009  9  7 22 41 37.40  42.6600   43.4400  15.0 5.7 6.0 NORTHWESTERN CAUCASUS                   
event name:     200909072241A  
time shift:      3.4900
half duration:   2.4000
latitude:       42.6100
longitude:      43.5100
depth:          13.4400
Mrr:       9.230000e+24
Mtt:      -6.390000e+24
Mpp:      -2.840000e+24
Mrt:       6.310000e+24
Mrp:      -2.210000e+24
Mtp:       4.730000e+24
