PDE 2015  7 18  2 27 33.60 -10.4400  165.1700  10.0 0.0 7.0 SANTA CRUZ ISLANDS                      
event name:     201507180227A  
time shift:      5.3100
half duration:   7.2000
latitude:      -10.3500
longitude:     165.1400
depth:          12.0000
Mrr:      -2.620000e+26
Mtt:       3.290000e+26
Mpp:      -6.740000e+25
Mrt:       4.300000e+25
Mrp:      -8.730000e+25
Mtp:      -6.870000e+25
