PDE 2008 12  8 18 39  9.30 -53.0000  106.8200  10.0 6.2 6.3 SOUTHEAST INDIAN RIDGE                  
event name:     200812081839A  
time shift:      6.5400
half duration:   3.5000
latitude:      -53.0900
longitude:     106.7600
depth:          20.7900
Mrr:      -3.500000e+25
Mtt:       1.190000e+24
Mpp:       3.380000e+25
Mrt:      -6.460000e+24
Mrp:       2.740000e+24
Mtp:      -7.700000e+24
