PDE 2010  6  1  3 26 15.60   9.3200  -84.2500  18.0 5.7 6.0 COSTA RICA                              
event name:     201006010326A  
time shift:      7.6700
half duration:   2.4000
latitude:        9.1700
longitude:     -84.2400
depth:          22.6700
Mrr:       8.540000e+24
Mtt:      -8.090000e+24
Mpp:      -4.480000e+23
Mrt:       6.460000e+24
Mrp:      -2.560000e+24
Mtp:       3.780000e+24
