PDE 2014  2  7  8 40 13.60 -15.0700  167.3700 122.0 0.0 6.5 VANUATU ISLANDS                         
event name:     201402070840A  
time shift:      4.5200
half duration:   4.3000
latitude:      -15.1300
longitude:     167.2900
depth:         127.1000
Mrr:       6.590000e+25
Mtt:       3.730000e+24
Mpp:      -6.970000e+25
Mrt:      -1.360000e+25
Mrp:      -3.140000e+24
Mtp:      -1.150000e+25
