PDE 2012 12  7  8 18 24.30  37.8900  144.0900  36.1 0.0 7.3 OFF EAST COAST OF HONSHU                
event name:     201212070818A  
time shift:     10.5700
half duration:  11.8000
latitude:       38.0100
longitude:     144.0900
depth:          57.8400
Mrr:       5.140000e+26
Mtt:       4.400000e+26
Mpp:      -9.540001e+26
Mrt:       8.280000e+25
Mrp:      -1.380000e+26
Mtp:      -1.600000e+26
