 PDEW2013  7  2 10 45 21.00  40.1200   21.8500  22.2 4.9 4.8 GREECE                                  
event name:     201307021045A  
time shift:      2.8200
half duration:   0.8000
latitude:       39.9700
longitude:      21.7400
depth:          28.0000
Mrr:      -4.750000e+23
Mtt:       2.710000e+23
Mpp:       2.040000e+23
Mrt:      -1.520000e+23
Mrp:       1.970000e+22
Mtp:       2.210000e+23

