PDE 2009  9 12 20  6 24.70  10.7000  -67.9200  10.0 6.3 6.4 NEAR COAST OF VENEZUELA                 
event name:     200909122006A  
time shift:      5.9400
half duration:   3.7000
latitude:       10.7600
longitude:     -67.9700
depth:          12.0000
Mrr:       1.570000e+24
Mtt:      -4.360000e+24
Mpp:       2.790000e+24
Mrt:       1.260000e+25
Mrp:      -6.430000e+24
Mtp:      -4.150000e+25
