PDE 2011  9 15  7 53 18.80 -35.3100 -179.0300  10.0 6.0 6.2 EAST OF NORTH ISLAND, N.                
event name:     201109150753A  
time shift:      3.8700
half duration:   2.4000
latitude:      -35.1800
longitude:    -178.6800
depth:          12.0000
Mrr:      -1.140000e+25
Mtt:      -1.500000e+24
Mpp:       1.290000e+25
Mrt:      -9.370000e+23
Mrp:       4.060000e+23
Mtp:       3.100000e+24
