 PDEW2014 10  3 22 20 45.50  34.4400   26.3000  15.5 0.0 5.1 CRETE, GREECE                           
event name:     201410032220A  
time shift:      0.9000
half duration:   0.7000
latitude:       34.5000
longitude:      26.4200
depth:          12.0000
Mrr:       2.430000e+23
Mtt:      -3.350000e+23
Mpp:       9.150000e+22
Mrt:       4.710000e+22
Mrp:       1.890000e+23
Mtp:       3.260000e+22

