PDE 2009  5 28  8 24 45.10  16.7200  -86.2300  10.0 6.7 7.3 NORTH OF HONDURAS                       
event name:     200905280824A  
time shift:     19.7500
half duration:  11.3000
latitude:       16.5000
longitude:     -87.1700
depth:          12.0000
Mrr:      -2.750000e+25
Mtt:      -8.140000e+26
Mpp:       8.410000e+26
Mrt:      -4.590000e+26
Mrp:       5.080000e+26
Mtp:       7.170000e+26
