PDE 2008  9 24  2 33  5.20  17.6100 -105.5000  10.0 5.7 6.4 OFF COAST OF JALISCO, ME                
event name:     200809240233A  
time shift:      5.1700
half duration:   3.8000
latitude:       17.6900
longitude:    -105.6000
depth:          16.9100
Mrr:       5.920000e+24
Mtt:      -5.010000e+25
Mpp:       4.420000e+25
Mrt:       3.460000e+24
Mrp:       2.250000e+24
Mtp:      -1.350000e+25
