PDE 2009  2 16 23 16 38.50  37.1300   20.7800  15.0 5.5 5.4 IONIAN SEA                              
event name:     200902162316A  
time shift:      4.7600
half duration:   1.4000
latitude:       37.0500
longitude:      20.6000
depth:          12.0000
Mrr:       7.090001e+23
Mtt:       6.320000e+22
Mpp:      -7.730000e+23
Mrt:       1.510000e+24
Mrp:      -6.550000e+23
Mtp:       1.250000e+24
