PDE 2011  1 27  8 38 28.70  28.1900   59.0100  12.0 5.8 6.2 SOUTHERN IRAN                           
event name:     201101270838A  
time shift:      3.0900
half duration:   3.1000
latitude:       28.0200
longitude:      59.0200
depth:          14.2900
Mrr:      -1.970000e+24
Mtt:       2.420000e+25
Mpp:      -2.220000e+25
Mrt:       2.040000e+24
Mrp:       4.970000e+24
Mtp:       4.120000e+24
