PDE 2014  8 10  3 43 17.20  41.1600  142.1300  41.0 0.0 6.1 HOKKAIDO, JAPAN REGION                  
event name:     201408100343A  
time shift:      3.8700
half duration:   2.8000
latitude:       41.2500
longitude:     142.3700
depth:          48.9300
Mrr:       1.320000e+25
Mtt:       3.440000e+23
Mpp:      -1.360000e+25
Mrt:       5.770000e+24
Mrp:       1.030000e+25
Mtp:      -3.460000e+24
