PDE 2013  2  9 21  2 22.80 -10.9900  165.7400  18.0 6.0 6.6 SANTA CRUZ ISLANDS                      
event name:     201302092102A  
time shift:      9.2800
half duration:   4.8000
latitude:      -10.9300
longitude:     165.6400
depth:          18.8200
Mrr:      -2.280000e+25
Mtt:       5.030000e+25
Mpp:      -2.750000e+25
Mrt:      -1.580000e+25
Mrp:       3.210000e+25
Mtp:      -8.100000e+25
