PDE 2008  9 29 15 19 31.60 -29.7600 -177.6800  36.0 6.5 7.0 KERMADEC ISLANDS, NEW ZE                
event name:     200809291519A  
time shift:     11.3200
half duration:   8.0000
latitude:      -29.8500
longitude:    -177.4600
depth:          51.1100
Mrr:       3.950000e+26
Mtt:      -2.280000e+25
Mpp:      -3.720000e+26
Mrt:       4.640000e+25
Mrp:       1.930000e+26
Mtp:      -1.100000e+26
