PDE 2015  5 15 20 26 56.90  -2.5400  102.2200 151.0 0.0 6.0 SOUTHERN SUMATRA, INDONE                
event name:     201505152026A  
time shift:      1.3800
half duration:   2.6000
latitude:       -2.6100
longitude:     102.1400
depth:         158.3700
Mrr:       3.820000e+24
Mtt:      -1.050000e+25
Mpp:       6.670001e+24
Mrt:      -9.520000e+23
Mrp:      -7.870000e+24
Mtp:      -8.060000e+24
