 PDEW2008  3 28  0 16 19.90  34.7600   25.3400  45.0 5.3 5.6 CRETE, GREECE                           
event name:     200803280016A  
time shift:      4.9700
half duration:   1.4000
latitude:       34.3800
longitude:      25.3200
depth:          59.1400
Mrr:       1.890000e+24
Mtt:      -2.580000e+24
Mpp:       6.860000e+23
Mrt:       1.180000e+24
Mrp:      -4.860000e+23
Mtp:       4.640000e+23

