PDE 2015  4 22 22 57 15.60 -12.0400  166.4300  72.0 0.0 6.2 SANTA CRUZ ISLANDS                      
event name:     201504222257A  
time shift:      5.1200
half duration:   3.3000
latitude:      -12.0700
longitude:     166.3300
depth:          93.5700
Mrr:       2.230000e+25
Mtt:      -3.480000e+24
Mpp:      -1.890000e+25
Mrt:       3.780000e+24
Mrp:      -2.090000e+25
Mtp:       5.830000e+24
