PDE 2008 10 14  2  6 34.70  38.8500   23.6200  24.0 4.9 5.0 GREECE                                  
event name:     200810140206A  
time shift:      2.9000
half duration:   1.0000
latitude:       38.7100
longitude:      23.5400
depth:          13.1300
Mrr:      -5.230000e+23
Mtt:       6.900001e+23
Mpp:      -1.670000e+23
Mrt:       5.160000e+22
Mrp:       4.130000e+23
Mtp:      -2.260000e+23
