 PDEW2007  5 21 16 39  8.70  35.1200   27.8100  10.0 4.7 4.8 DODECANESE ISLANDS, GREE                
event name:     200705211639A  
time shift:      2.6400
half duration:   0.8000
latitude:       35.1400
longitude:      27.6200
depth:          18.1100
Mrr:      -2.530000e+23
Mtt:       7.370000e+21
Mpp:       2.460000e+23
Mrt:       3.250000e+23
Mrp:       5.640000e+21
Mtp:       1.940000e+23

