PDE 2014  2 12  9 19 49.10  35.9000   82.5900  10.0 0.0 6.9 XIZANG                                  
event name:     201402120919A  
time shift:      8.5300
half duration:   6.9000
latitude:       36.2200
longitude:      82.5700
depth:          18.2900
Mrr:      -2.830000e+25
Mtt:      -2.230000e+26
Mpp:       2.510000e+26
Mrt:       2.690000e+25
Mrp:      -4.920000e+24
Mtp:       1.600000e+26
