PDE 2014  3 27  3 49 42.70 -12.1000  166.5900  98.0 0.0 6.0 SANTA CRUZ ISLANDS                      
event name:     201403270349A  
time shift:      4.3900
half duration:   2.4000
latitude:      -12.1300
longitude:     166.4600
depth:         116.1400
Mrr:       1.080000e+25
Mtt:      -2.050000e+24
Mpp:      -8.770000e+24
Mrt:       2.440000e+23
Mrp:      -5.480000e+24
Mtp:       2.880000e+24
