PDE 2011  2 15 13 33 53.20  -2.5000  121.4800  16.2 5.9 6.1 SULAWESI, INDONESIA                     
event name:     201102151333A  
time shift:      1.5600
half duration:   2.6000
latitude:       -2.4500
longitude:     121.5700
depth:          12.9300
Mrr:      -1.440000e+24
Mtt:       9.840001e+24
Mpp:      -8.400000e+24
Mrt:       3.500000e+24
Mrp:       4.340000e+24
Mtp:       1.150000e+25
