PDE 2011 11  8 22  5 51.00  38.7200   43.1900  10.0 5.6 5.3 TURKEY                                  
event name:     201111082205A  
time shift:      1.8100
half duration:   1.2000
latitude:       38.6200
longitude:      43.0800
depth:          21.2200
Mrr:       1.200000e+24
Mtt:      -1.270000e+24
Mpp:       7.120000e+22
Mrt:       3.600000e+23
Mrp:      -1.190000e+23
Mtp:       3.120000e+23
