PDE 2014 12  2  5 11 31.80   6.1400  123.1700 617.9 0.0 6.3 MINDANAO, PHILIPPINES                   
event name:     201412020511A  
time shift:      5.1600
half duration:   4.8000
latitude:        6.2900
longitude:     123.2900
depth:         632.6500
Mrr:       5.320000e+24
Mtt:       7.110000e+24
Mpp:      -1.240000e+25
Mrt:      -1.880000e+25
Mrp:      -8.750000e+25
Mtp:       3.000000e+25
