PDE 2011  3 31  7 15 30.20  38.9200  141.8200  42.0 5.7 6.1 NEAR EAST COAST OF HONSH                
event name:     201103310715A  
time shift:      3.4400
half duration:   2.6000
latitude:       38.9700
longitude:     142.0500
depth:          49.5500
Mrr:       1.070000e+25
Mtt:      -2.850000e+22
Mpp:      -1.070000e+25
Mrt:       4.170000e+24
Mrp:       8.420000e+24
Mtp:      -2.470000e+24
