 PDEW2009  5 14  9 13 42.40  36.0900   27.0000  96.0 5.1 0.0 DODECANESE ISLANDS, GREE                
event name:     200905140913A  
time shift:     -1.1100
half duration:   0.6000
latitude:       35.8200
longitude:      26.9500
depth:         120.4000
Mrr:      -1.640000e+23
Mtt:       2.560000e+22
Mpp:       1.380000e+23
Mrt:       9.390000e+22
Mrp:       8.320000e+22
Mtp:       1.190000e+23

