PDE 2009  7  1  9 30 10.40  34.1600   25.4700  19.0 6.1 6.4 CRETE, GREECE                           
event name:     200907010930A  
time shift:      9.6900
half duration:   4.1000
latitude:       34.0000
longitude:      25.5000
depth:          12.0000
Mrr:       4.700000e+25
Mtt:      -5.110000e+25
Mpp:       4.060000e+24
Mrt:       2.880000e+25
Mrp:       2.390000e+24
Mtp:       1.410000e+25
