 PDEW2012  6 18 22  9 50.40  39.2600    6.3500  10.0 4.5 4.5 WESTERN MEDITERRANEAN SE                
event name:     201206182209A  
time shift:      3.8400
half duration:   0.7000
latitude:       39.2800
longitude:       6.5000
depth:          27.6100
Mrr:       2.830000e+23
Mtt:      -4.850000e+22
Mpp:      -2.340000e+23
Mrt:      -1.260000e+22
Mrp:       4.640000e+22
Mtp:      -5.070000e+22

