PDE 2014  5 18  1  2 32.60   4.2500   92.7600  35.0 0.0 6.0 OFF W COAST OF NORTHERN                 
event name:     201405180102A  
time shift:      1.3900
half duration:   2.6000
latitude:        4.3300
longitude:      92.6900
depth:          45.6000
Mrr:       1.400000e+25
Mtt:      -7.980000e+24
Mpp:      -5.970000e+24
Mrt:      -4.340000e+23
Mrp:       4.750000e+23
Mtp:      -8.680000e+24
