PDE 2009 10  7 22 18 51.20 -12.5200  166.3800  35.0 6.4 7.9 SANTA CRUZ ISLANDS                      
event name:     200910072218A  
time shift:     24.1400
half duration:  19.8000
latitude:      -11.8600
longitude:     166.0100
depth:          41.7200
Mrr:       6.220000e+27
Mtt:      -4.750000e+26
Mpp:      -5.750000e+27
Mrt:       1.050000e+26
Mrp:      -2.240000e+27
Mtp:       1.850000e+27
