PDE 2008 12 13  8 27 19.20  38.7200   22.5700  24.0 5.1 5.2 GREECE                                  
event name:     200812130827A  
time shift:      2.9700
half duration:   0.9000
latitude:       38.5200
longitude:      22.5400
depth:          18.6500
Mrr:      -4.610000e+23
Mtt:       5.480000e+23
Mpp:      -8.720000e+22
Mrt:      -4.880000e+23
Mrp:       5.020000e+22
Mtp:       1.960000e+22
