PDE 2012 10  8 11 43 31.40  -4.4700  129.1300  10.0 6.3 6.3 BANDA SEA                               
event name:     201210081143A  
time shift:      4.1900
half duration:   3.0000
latitude:       -4.5700
longitude:     129.1500
depth:          12.0000
Mrr:       2.250000e+25
Mtt:      -1.730000e+25
Mpp:      -5.180000e+24
Mrt:       4.470000e+24
Mrp:       2.770000e+23
Mtp:       1.140000e+25
