PDE 2010  3  8 11 12 10.00  38.7800   40.1400   5.0 5.0 5.3 TURKEY                                  
event name:     201003081112A  
time shift:      5.1000
half duration:   0.9000
latitude:       38.7900
longitude:      39.9300
depth:          22.7900
Mrr:       1.940000e+23
Mtt:      -5.170000e+23
Mpp:       3.220000e+23
Mrt:       1.540000e+23
Mrp:       7.890000e+22
Mtp:       2.890000e+23
