PDE 2010  6 17 13  6 46.60 -33.1700  179.7200 170.4 5.5 6.0 SOUTH OF KERMADEC ISLAND                
event name:     201006171306A  
time shift:      6.6200
half duration:   2.3000
latitude:      -32.9000
longitude:     179.9400
depth:         204.8100
Mrr:       9.800000e+23
Mtt:      -7.370000e+23
Mpp:      -2.430000e+23
Mrt:      -3.190000e+24
Mrp:       8.290001e+24
Mtp:      -6.860000e+24
