PDE 2015  9 13  8 14 12.70  25.1600 -109.3800  10.0 0.0 6.6 GULF OF CALIFORNIA                      
event name:     201509130814A  
time shift:      3.2100
half duration:   5.0000
latitude:       25.0600
longitude:    -109.5300
depth:          13.9800
Mrr:      -3.950000e+24
Mtt:      -1.010000e+26
Mpp:       1.050000e+26
Mrt:       6.160000e+24
Mrp:       1.490000e+25
Mtp:      -2.100000e+25
