 PDEW2011  9 13 16 19 31.90  34.4100   23.7200  41.2 5.0 0.0 CRETE, GREECE                           
event name:     201109131619A  
time shift:     -0.9700
half duration:   1.0000
latitude:       34.3600
longitude:      23.6500
depth:          17.6800
Mrr:      -1.850000e+23
Mtt:      -4.630000e+23
Mpp:       6.480000e+23
Mrt:       2.030000e+23
Mrp:      -3.690000e+23
Mtp:       4.060000e+23

