PDE 2010  6 30  4 31  2.20 -23.3100  179.1200 581.4 5.8 6.4 SOUTH OF FIJI ISLANDS                   
event name:     201006300430A  
time shift:      5.0300
half duration:   3.7000
latitude:      -23.1900
longitude:     179.2600
depth:         581.6100
Mrr:      -2.860000e+25
Mtt:       2.940000e+25
Mpp:      -7.260000e+23
Mrt:      -1.440000e+25
Mrp:      -1.490000e+25
Mtp:      -2.700000e+25
