PDE 2009  4  9  0 52 59.00  42.4800   13.3400  15.4 5.2 5.3 CENTRAL ITALY                           
event name:     200904090053A  
time shift:      7.0600
half duration:   1.2000
latitude:       42.4800
longitude:      13.3000
depth:          12.0000
Mrr:      -1.470000e+24
Mtt:       4.590000e+23
Mpp:       1.010000e+24
Mrt:      -4.510000e+23
Mrp:      -1.180000e+23
Mtp:      -7.950000e+23
