PDE 2008  9  8 18 52  7.00 -13.5000  166.9700 110.0 6.4 6.9 VANUATU ISLANDS                         
event name:     200809081852A  
time shift:      7.3800
half duration:   7.1000
latitude:      -13.3700
longitude:     166.7500
depth:         125.0400
Mrr:       3.210000e+26
Mtt:      -4.230000e+25
Mpp:      -2.790000e+26
Mrt:      -1.570000e+25
Mrp:      -5.940000e+25
Mtp:      -9.830000e+24
