PDE 2010  4 30 23 16 28.50  60.4300 -177.6100  14.3 6.0 6.3 BERING SEA                              
event name:     201004302316A  
time shift:      4.0700
half duration:   3.6000
latitude:       60.2900
longitude:    -177.4700
depth:          15.9800
Mrr:      -4.070000e+24
Mtt:       3.480000e+25
Mpp:      -3.070000e+25
Mrt:      -1.080000e+25
Mrp:      -2.320000e+25
Mtp:      -8.650000e+24
