PDE 2014  3 11 22  3  9.80  -3.0900  148.5500   7.0 0.0 6.1 BISMARCK SEA                            
event name:     201403112203A  
time shift:      6.0200
half duration:   2.8000
latitude:       -3.1100
longitude:     148.5100
depth:          12.0000
Mrr:      -6.680000e+23
Mtt:       1.390000e+25
Mpp:      -1.320000e+25
Mrt:       2.570000e+24
Mrp:       3.530000e+24
Mtp:       1.360000e+25
