PDE 2011  3 27 22 23 58.80  38.4200  142.0100  19.0 6.3 6.2 NEAR EAST COAST OF HONSH                
event name:     201103272223A  
time shift:      3.1300
half duration:   3.2000
latitude:       38.4000
longitude:     142.0900
depth:          21.7100
Mrr:      -2.280000e+25
Mtt:       1.880000e+25
Mpp:       3.940000e+24
Mrt:       1.850000e+25
Mrp:       3.190000e+24
Mtp:      -6.440000e+24
