 PDEW2014  8 22  4 27 54.00  39.9400   23.4300  13.5 0.0 5.2 AEGEAN SEA                              
event name:     201408220427A  
time shift:      3.1900
half duration:   0.9000
latitude:       39.8500
longitude:      23.4900
depth:          12.0000
Mrr:      -5.160000e+23
Mtt:       7.470000e+23
Mpp:      -2.310000e+23
Mrt:       7.540000e+22
Mrp:       1.330000e+23
Mtp:      -3.150000e+23

