PDE 2010  7 21  9 16  4.40   3.0400  128.2200 100.0 6.0 6.1 NORTH OF HALMAHERA, INDO                
event name:     201007210916A  
time shift:      4.5200
half duration:   2.8000
latitude:        3.0800
longitude:     128.0900
depth:         121.6100
Mrr:       5.060000e+24
Mtt:       1.180000e+25
Mpp:      -1.680000e+25
Mrt:       7.800000e+24
Mrp:       4.760000e+24
Mtp:       5.010000e+24
