PDE 2010  5  3 10 27 46.70  29.6400  140.9700  98.5 6.2 6.1 SOUTHEAST OF HONSHU, JAP                
event name:     201005031027A  
time shift:      2.0500
half duration:   2.7000
latitude:       29.5800
longitude:     141.2800
depth:          98.9400
Mrr:       1.100000e+25
Mtt:      -7.450000e+23
Mpp:      -1.030000e+25
Mrt:      -2.700000e+24
Mrp:       1.140000e+25
Mtp:      -3.820000e+24
