PDE 2010  4 23 10  3  6.20 -37.5400  -72.8900  32.0 5.8 6.0 CENTRAL CHILE                           
event name:     201004231003A  
time shift:      3.7300
half duration:   2.4000
latitude:      -37.6900
longitude:     -73.3200
depth:          29.4900
Mrr:       3.500000e+24
Mtt:       5.740000e+23
Mpp:      -4.070000e+24
Mrt:       8.570000e+24
Mrp:      -8.050000e+24
Mtp:       2.050000e+24
