 PDEW2014  1 26 21 15 34.70  38.1300   20.3000  10.0 0.0 4.6 GREECE                                  
event name:     201401262115A  
time shift:      3.7000
half duration:   0.6000
latitude:       38.0600
longitude:      20.3500
depth:          23.9600
Mrr:       1.280000e+23
Mtt:       8.720000e+22
Mpp:      -2.150000e+23
Mrt:       3.020000e+22
Mrp:       2.780000e+22
Mtp:       1.310000e+23

