 PDEW2012  9 22  6 15 57.30  40.1600   20.8300  17.0 4.9 4.5 GREECE-ALBANIA BORDER RE                
event name:     201209220615A  
time shift:      1.4100
half duration:   0.6000
latitude:       40.0000
longitude:      20.7100
depth:          25.0200
Mrr:       1.550000e+22
Mtt:      -1.140000e+23
Mpp:       9.820000e+22
Mrt:      -4.480000e+21
Mrp:       2.420000e+22
Mtp:      -1.840000e+23

