PDE 2012 11 10 14 57 50.70  -8.8700  -75.0700 129.0 5.9 6.0 CENTRAL PERU                            
event name:     201211101457A  
time shift:      0.8600
half duration:   2.5000
latitude:       -8.8800
longitude:     -75.1700
depth:         133.1700
Mrr:      -1.240000e+25
Mtt:       1.540000e+24
Mpp:       1.090000e+25
Mrt:      -2.640000e+23
Mrp:       3.170000e+24
Mtp:       5.590000e+24
