PDE 2010  3 14  8  8  4.00  37.7400  141.5900  32.0 6.3 6.5 NEAR EAST COAST OF HONSH                
event name:     201003140808A  
time shift:      4.3100
half duration:   4.5000
latitude:       37.7000
longitude:     141.9800
depth:          45.9100
Mrr:       5.550000e+25
Mtt:      -2.820000e+24
Mpp:      -5.270000e+25
Mrt:       1.830000e+25
Mrp:       4.970000e+25
Mtp:      -2.070000e+25
