PDE 2008  2 13 19 58 46.10  -8.1600  128.6400  19.0 6.4 6.2 TIMOR SEA                               
event name:     200802131958A  
time shift:      4.1400
half duration:   3.0000
latitude:       -8.4200
longitude:     128.8300
depth:          21.4800
Mrr:       1.960000e+25
Mtt:      -1.980000e+25
Mpp:       2.630000e+23
Mrt:       9.160000e+24
Mrp:       3.670000e+24
Mtp:      -3.470000e+24
