PDE 2010  6 24  5 32 27.40  -5.5100  151.1600  40.0 5.8 6.1 NEW BRITAIN REGION, P.N.                
event name:     201006240532A  
time shift:      7.7700
half duration:   2.9000
latitude:       -5.8600
longitude:     151.1800
depth:          52.2500
Mrr:       1.830000e+25
Mtt:      -1.990000e+25
Mpp:       1.620000e+24
Mrt:       4.050000e+24
Mrp:      -2.470000e+24
Mtp:      -6.720001e+24
