 PDEW2014  4 25 17 20 32.90  35.5800   21.6700  25.0 0.0 4.5 CENTRAL MEDITERRANEAN SE                
event name:     201404251720A  
time shift:      2.1300
half duration:   0.5000
latitude:       35.4100
longitude:      21.4900
depth:          22.4400
Mrr:      -7.440000e+22
Mtt:       7.830000e+22
Mpp:      -3.820000e+21
Mrt:      -2.310000e+22
Mrp:       3.250000e+22
Mtp:      -1.180000e+23

