 PDEW2008  3  4 13 25 24.40  36.0600   21.8100  11.0 4.6 4.6 SOUTHERN GREECE                         
event name:     200803041325A  
time shift:      6.2400
half duration:   0.7000
latitude:       36.1900
longitude:      21.8900
depth:          19.9800
Mrr:       2.420000e+23
Mtt:      -1.910000e+23
Mpp:      -5.050000e+22
Mrt:       2.770000e+22
Mrp:      -4.650000e+22
Mtp:       1.200000e+23

