PDE 2008 11 10  1 22  2.60  37.5600   95.8300  19.0 6.4 6.4 QINGHAI, CHINA                          
event name:     200811100122A  
time shift:      7.6300
half duration:   3.6000
latitude:       37.5100
longitude:      95.7500
depth:          27.2300
Mrr:       2.510000e+25
Mtt:      -3.480000e+25
Mpp:       9.740000e+24
Mrt:       2.490000e+25
Mrp:      -9.930000e+24
Mtp:       2.010000e+24
