PDE 2011  5 13 23 35 52.90  37.4000  141.3400  35.0 5.6 6.1 NEAR EAST COAST OF HONSH                
event name:     201105132335A  
time shift:      3.3800
half duration:   2.7000
latitude:       37.3100
longitude:     141.6700
depth:          41.2600
Mrr:       1.230000e+25
Mtt:      -1.410000e+24
Mpp:      -1.090000e+25
Mrt:       3.980000e+24
Mrp:       1.060000e+25
Mtp:      -4.030000e+24
