PDE 2011  4 11  8 16 12.70  37.0000  140.4000  11.0 6.4 6.6 EASTERN HONSHU, JAPAN                   
event name:     201104110816A  
time shift:      6.7900
half duration:   5.2000
latitude:       37.0000
longitude:     140.5400
depth:          12.0000
Mrr:      -1.270000e+26
Mtt:       7.590000e+25
Mpp:       5.130000e+25
Mrt:      -1.310000e+24
Mrp:       4.450000e+25
Mtp:      -3.320000e+25
