 PDEW2014  9  4 17 43 40.10  40.1000   24.8800  12.3 0.0 4.9 AEGEAN SEA                              
event name:     201409041743A  
time shift:      1.6300
half duration:   0.7000
latitude:       40.0400
longitude:      24.9200
depth:          12.0000
Mrr:      -1.100000e+23
Mtt:       3.480000e+23
Mpp:      -2.380000e+23
Mrt:       2.170000e+22
Mrp:      -2.410000e+22
Mtp:      -1.510000e+23

