PDE 2010  7 30  3 56 13.70  52.5000  159.8400  23.0 6.1 6.3 OFF EAST COAST OF KAMCHA                
event name:     201007300356A  
time shift:      5.4700
half duration:   3.4000
latitude:       52.2700
longitude:     160.3700
depth:          29.3000
Mrr:       2.670000e+25
Mtt:      -5.730000e+24
Mpp:      -2.090000e+25
Mrt:       1.160000e+25
Mrp:       1.620000e+25
Mtp:      -1.480000e+25
