 PDEW2009  6 18  4 26 14.70  35.3800   28.4100  39.5 5.0 0.0 EASTERN MEDITERRANEAN SE                
event name:     200906180426A  
time shift:      1.1900
half duration:   0.8000
latitude:       35.1000
longitude:      28.6100
depth:          28.4800
Mrr:      -3.310000e+23
Mtt:       1.710000e+23
Mpp:       1.600000e+23
Mrt:      -6.290000e+22
Mrp:      -2.180000e+23
Mtp:       2.600000e+23

