PDE 2014  5 13  6 35 24.20   7.2100  -82.3000  10.0 0.0 6.5 SOUTH OF PANAMA                         
event name:     201405130635A  
time shift:      9.4700
half duration:   4.3000
latitude:        7.3600
longitude:     -82.4100
depth:          17.6200
Mrr:      -1.660000e+24
Mtt:       1.920000e+23
Mpp:       1.470000e+24
Mrt:       1.610000e+25
Mrp:       1.040000e+25
Mtp:       6.460000e+25
