PDE 2014 12 26 23 52 14.70   6.5000  -82.3500  10.0 0.0 5.5 SOUTH OF PANAMA                         
event name:     201412262352A  
time shift:      8.8000
half duration:   2.4000
latitude:        6.6700
longitude:     -82.3800
depth:          17.7600
Mrr:      -5.730000e+23
Mtt:       2.500000e+24
Mpp:      -1.930000e+24
Mrt:       1.950000e+24
Mrp:      -3.220000e+23
Mtp:       1.220000e+25
