PDE 2011 12  1 21 35  9.70  32.1700  -40.2900  10.0 5.2 5.3 NORTHERN MID-ATLANTIC RI                
event name:     201112012135A  
time shift:      1.8000
half duration:   1.2000
latitude:       32.2000
longitude:     -40.3500
depth:          12.0000
Mrr:      -1.400000e+24
Mtt:       4.020000e+23
Mpp:       1.000000e+24
Mrt:       8.730000e+21
Mrp:      -2.220000e+23
Mtp:       5.820000e+23
