PDE 2014  4 18 14 27 25.00  17.4000 -100.9600  24.0 0.0 7.2 GUERRERO, MEXICO                        
event name:     201404181427A  
time shift:     11.0500
half duration:  10.5000
latitude:       17.5500
longitude:    -101.2500
depth:          18.8900
Mrr:       6.080000e+26
Mtt:      -4.430000e+26
Mpp:      -1.650000e+26
Mrt:       7.440000e+26
Mrp:      -3.250000e+26
Mtp:       2.270000e+26
