PDE 2013  9  4  0 23 12.90  51.2000 -129.9000   9.9 0.0 6.0 QUEEN CHARLOTTE ISLANDS                 
event name:     201309040023A  
time shift:      0.8400
half duration:   2.4000
latitude:       51.1400
longitude:    -130.4300
depth:          16.6300
Mrr:      -9.600000e+22
Mtt:       1.920000e+24
Mpp:      -1.820000e+24
Mrt:       5.090000e+23
Mrp:      -5.470000e+24
Mtp:       1.130000e+25
