PDE 2011  3 11 19 46 50.90  40.4800  139.0500  10.0 6.2 6.2 NEAR WEST COAST OF HONSH                
event name:     201103111946A  
time shift:      2.7400
half duration:   3.1000
latitude:       40.3700
longitude:     139.0900
depth:          14.0900
Mrr:      -2.780000e+22
Mtt:       1.920000e+25
Mpp:      -1.920000e+25
Mrt:       4.160000e+24
Mrp:      -4.720000e+24
Mtp:       1.480000e+25
