PDE 2012  3  3 12 19 55.10 -22.1400  170.3400  14.0 6.5 6.6 SOUTHEAST OF LOYALTY ISL                
event name:     201203031219A  
time shift:      6.4800
half duration:   4.8000
latitude:      -22.3300
longitude:     170.2200
depth:          24.1200
Mrr:       4.160000e+23
Mtt:      -3.580000e+25
Mpp:       3.530000e+25
Mrt:       1.940000e+25
Mrp:      -2.640000e+24
Mtp:       8.630000e+25
