PDE 2011  7 10  0 57 10.80  38.0300  143.2600  23.0 6.6 7.0 OFF EAST COAST OF HONSHU                
event name:     201107100057A  
time shift:      5.4900
half duration:   7.7000
latitude:       37.9800
longitude:     143.3300
depth:          22.0400
Mrr:       4.910000e+25
Mtt:      -3.250000e+26
Mpp:       2.760000e+26
Mrt:       4.130000e+25
Mrp:       1.360000e+26
Mtp:       2.120000e+26
