PDE 2012 12  7 18 19  6.20 -38.4700  176.1000 163.0 0.0 6.4 NORTH ISLAND, NEW ZEALAN                
event name:     201212071819A  
time shift:      7.8600
half duration:   3.6000
latitude:      -38.3100
longitude:     176.0800
depth:         165.1200
Mrr:       1.300000e+25
Mtt:       2.230000e+24
Mpp:      -1.520000e+25
Mrt:       3.380000e+25
Mrp:       5.800000e+24
Mtp:      -1.450000e+25
