PDE 2011  5 15 13  8 13.10   0.5700  -25.6500  10.0 5.6 6.1 CENTRAL MID-ATLANTIC RID                
event name:     201105151308A  
time shift:      9.2000
half duration:   2.7000
latitude:        0.8700
longitude:     -25.6200
depth:          12.7800
Mrr:      -8.050000e+23
Mtt:       2.380000e+24
Mpp:      -1.570000e+24
Mrt:       2.920000e+24
Mrp:      -7.310000e+23
Mtp:      -1.570000e+25
