PDE 2015 10 18 16 18 35.00 -16.2500 -173.1800  10.0 0.0 5.9 TONGA ISLANDS                           
event name:     201510181618A  
time shift:      7.8000
half duration:   2.6000
latitude:      -16.1200
longitude:    -172.9500
depth:          17.2000
Mrr:      -6.440000e+24
Mtt:       1.230000e+24
Mpp:       5.210000e+24
Mrt:       9.040000e+24
Mrp:      -5.810000e+24
Mtp:      -8.720000e+24
