PDE 2013  2  6  1 54 14.60 -10.5000  165.5900   8.8 6.5 7.0 SANTA CRUZ ISLANDS                      
event name:     201302060154A  
time shift:      8.7600
half duration:   7.5000
latitude:      -10.4400
longitude:     165.5600
depth:          14.1200
Mrr:      -1.680000e+25
Mtt:       2.500000e+26
Mpp:      -2.330000e+26
Mrt:       3.190000e+25
Mrp:      -4.050000e+25
Mtp:      -2.770000e+26
