PDE 2011 12 27 15 21 56.80  51.8400   95.9100  15.0 6.1 6.7 SOUTHWESTERN SIBERIA, RU                
event name:     201112271521A  
time shift:      7.0400
half duration:   5.4000
latitude:       51.7800
longitude:      95.9100
depth:          19.4900
Mrr:       3.970000e+25
Mtt:      -8.300000e+25
Mpp:       4.330000e+25
Mrt:       4.520000e+25
Mrp:       1.150000e+25
Mtp:       1.120000e+26
