PDE 2008  6 29 20 53  1.00  45.1600  137.4200 287.3 5.6 6.0 PRIMOR'YE, RUSSIA                       
event name:     200806292053A  
time shift:      6.2400
half duration:   2.3000
latitude:       45.1200
longitude:     137.3700
depth:         328.2600
Mrr:      -1.820000e+24
Mtt:       3.890000e+24
Mpp:      -2.070000e+24
Mrt:       8.490000e+24
Mrp:      -4.180000e+23
Mtp:      -6.390000e+24
