PDE 2010  2  9  1  3 44.40 -15.0500 -173.4900  10.0 5.3 6.0 TONGA ISLANDS                           
event name:     201002090103A  
time shift:      8.2300
half duration:   2.6000
latitude:      -15.0000
longitude:    -173.0700
depth:          14.9800
Mrr:       9.150001e+23
Mtt:       5.320000e+24
Mpp:      -6.240000e+24
Mrt:       5.180000e+24
Mrp:       1.120000e+25
Mtp:       6.090000e+24
