PDE 2014  5 24  9 25  3.10  40.3000   25.3800  10.0 0.0 6.9 AEGEAN SEA                              
event name:     201405240925A  
time shift:     15.7100
half duration:   6.6000
latitude:       40.3000
longitude:      25.6700
depth:          12.0000
Mrr:      -5.060000e+25
Mtt:       1.630000e+26
Mpp:      -1.120000e+26
Mrt:      -2.490000e+24
Mrp:      -1.900000e+25
Mtp:      -2.040000e+26
