PDE 2008  8 21 12 24 29.50  25.0400   97.6800   1.0 5.6 6.0 MYANMAR-CHINA BORDER REG                
event name:     200808211224A  
time shift:      6.2100
half duration:   2.5000
latitude:       24.9200
longitude:      97.9900
depth:          18.2100
Mrr:      -7.280000e+23
Mtt:       3.570000e+24
Mpp:      -2.840000e+24
Mrt:       2.350000e+24
Mrp:       4.930000e+23
Mtp:       1.250000e+25
