PDE 2010  9  8 11 37 31.90 -20.6700  169.8200  10.0 5.9 6.3 VANUATU ISLANDS                         
event name:     201009081137A  
time shift:      5.7000
half duration:   3.4000
latitude:      -20.5200
longitude:     170.0600
depth:          14.0900
Mrr:      -3.460000e+24
Mtt:      -2.310000e+25
Mpp:       2.660000e+25
Mrt:       5.320000e+24
Mrp:       1.240000e+24
Mtp:      -2.010000e+25
