PDE 2013 11  2 18 53 46.90 -19.1700 -172.6400  10.1 0.0 6.2 TONGA ISLANDS REGION                    
event name:     201311021853A  
time shift:      5.1300
half duration:   3.2000
latitude:      -19.3300
longitude:    -172.2600
depth:          12.0000
Mrr:      -2.600000e+25
Mtt:      -2.860000e+23
Mpp:       2.630000e+25
Mrt:       9.160000e+23
Mrp:       1.170000e+25
Mtp:       7.270001e+24
