PDE 2008  6  3 22  4 27.90  -8.1000  120.2300  14.0 5.6 6.0 FLORES REGION, INDONESIA                
event name:     200806032204A  
time shift:      5.5100
half duration:   2.4000
latitude:       -8.0700
longitude:     120.2500
depth:          18.8000
Mrr:       8.670000e+24
Mtt:      -8.950000e+24
Mpp:       2.840000e+23
Mrt:      -8.460000e+24
Mrp:      -1.820000e+24
Mtp:      -1.100000e+24
