PDE 2012 10 14 10 13 38.60  41.8300   46.4100  10.0 5.3 5.5 EASTERN CAUCASUS                        
event name:     201210141013A  
time shift:      1.0500
half duration:   1.5000
latitude:       41.6300
longitude:      46.3100
depth:          12.0000
Mrr:       7.060000e+23
Mtt:      -6.430001e+23
Mpp:      -6.370000e+22
Mrt:       2.660000e+24
Mrp:      -4.460000e+23
Mtp:       3.300000e+23
