PDE 2011  7 24 18 51 24.50  37.7300  141.3900  35.0 6.3 6.3 NEAR EAST COAST OF HONSH                
event name:     201107241851A  
time shift:      5.1200
half duration:   3.5000
latitude:       37.7000
longitude:     141.6600
depth:          47.7000
Mrr:       2.670000e+25
Mtt:      -4.080000e+24
Mpp:      -2.260000e+25
Mrt:       9.520000e+24
Mrp:       2.380000e+25
Mtp:      -8.790000e+24
