PDE 2010  9  4  8 52  4.10 -17.3700 -174.0000  69.0 5.9 6.1 TONGA ISLANDS                           
event name:     201009040852A  
time shift:      5.5000
half duration:   2.6000
latitude:      -17.3300
longitude:    -173.5400
depth:          83.0600
Mrr:       8.830000e+24
Mtt:       1.780000e+24
Mpp:      -1.060000e+25
Mrt:      -3.690000e+24
Mrp:      -9.500000e+24
Mtp:       3.820000e+24
