PDE 2011  3  7  0  9 36.50 -10.3500  160.7700  22.0 6.2 6.6 SOLOMON ISLANDS                         
event name:     201103070009A  
time shift:      5.5700
half duration:   3.8000
latitude:      -10.5400
longitude:     160.6900
depth:          34.9700
Mrr:       4.430000e+25
Mtt:      -1.780000e+25
Mpp:      -2.650000e+25
Mrt:       6.350000e+24
Mrp:      -7.460000e+24
Mtp:       2.680000e+25
