PDE 2008  6 28 12 54 46.40  10.8500   91.7100  15.0 5.9 6.1 ANDAMAN ISLANDS, INDIA R                
event name:     200806281254A  
time shift:      3.9100
half duration:   2.7000
latitude:       10.9000
longitude:      91.8000
depth:          12.0000
Mrr:      -1.250000e+25
Mtt:      -3.830000e+23
Mpp:       1.290000e+25
Mrt:       8.320000e+24
Mrp:      -3.910000e+24
Mtp:       5.120000e+24
