PDE 2011  3 22  7 18 45.40  37.2400  144.0000  11.0 6.3 6.5 OFF EAST COAST OF HONSHU                
event name:     201103220718A  
time shift:      6.1100
half duration:   3.9000
latitude:       37.1100
longitude:     144.0000
depth:          12.3200
Mrr:      -4.820000e+25
Mtt:       1.860000e+25
Mpp:       2.960000e+25
Mrt:       1.380000e+24
Mrp:       1.610000e+25
Mtp:       2.570000e+25
