PDE 2010  8 12 11 54 15.60  -1.2700  -77.3100 206.7 6.4 7.1 ECUADOR                                 
event name:     201008121154A  
time shift:      5.1000
half duration:   8.4000
latitude:       -1.5100
longitude:     -77.5100
depth:         197.7800
Mrr:      -2.710000e+26
Mtt:       1.090000e+26
Mpp:       1.610000e+26
Mrt:       3.160000e+26
Mrp:      -2.480000e+26
Mtp:      -2.350000e+26
