PDE 2014 12  6 22  5 10.80  -6.1200  130.4800 117.3 0.0 6.0 BANDA SEA                               
event name:     201412062205A  
time shift:      4.3400
half duration:   2.6000
latitude:       -6.1100
longitude:     130.6000
depth:         139.4600
Mrr:       5.380000e+24
Mtt:      -2.480000e+24
Mpp:      -2.890000e+24
Mrt:       1.370000e+24
Mrp:       1.410000e+25
Mtp:       1.990000e+24
