PDE 2011  4  7 13 11 22.40  17.2100  -94.3400 166.2 6.1 6.7 CHIAPAS, MEXICO                         
event name:     201104071311A  
time shift:      5.3000
half duration:   5.5000
latitude:       17.2800
longitude:     -94.1200
depth:         153.7800
Mrr:      -5.610000e+25
Mtt:      -2.940000e+25
Mpp:       8.550000e+25
Mrt:       9.110000e+25
Mrp:      -6.250000e+25
Mtp:      -5.690000e+25
