PDE 2008  1 10  1 37 18.50  43.7800 -127.2800  10.0 5.6 6.3 OFF COAST OF OREGON                     
event name:     200801100137A  
time shift:      5.1400
half duration:   3.5000
latitude:       43.5100
longitude:    -128.2700
depth:          16.8300
Mrr:      -3.750000e+24
Mtt:      -2.690000e+25
Mpp:       3.060000e+25
Mrt:      -1.560000e+24
Mrp:       3.710000e+24
Mtp:      -2.560000e+25
