PDE 2015  6  8  6  1  8.30  41.5600  142.0300  42.0 0.0 6.1 HOKKAIDO, JAPAN REGION                  
event name:     201506080601A  
time shift:      6.2400
half duration:   2.6000
latitude:       41.4900
longitude:     142.2400
depth:          54.0300
Mrr:       1.190000e+25
Mtt:      -6.040000e+23
Mpp:      -1.120000e+25
Mrt:       3.940000e+24
Mrp:       8.570000e+24
Mtp:      -3.660000e+24
