 PDEW2012  1 29  9 55  6.60  36.0700   25.0100  17.2 4.5 4.6 DODECANESE ISLANDS, GREE                
event name:     201201290955A  
time shift:      1.1700
half duration:   0.6000
latitude:       35.9200
longitude:      24.9300
depth:          19.7900
Mrr:      -1.190000e+23
Mtt:      -1.150000e+22
Mpp:       1.300000e+23
Mrt:      -1.720000e+22
Mrp:      -1.240000e+21
Mtp:       1.210000e+23

