PDE 2011 11 18  6  0 54.00  33.7000  -38.4900  10.0 5.3 5.7 NORTHERN MID-ATLANTIC RI                
event name:     201111180600A  
time shift:      3.9600
half duration:   1.7000
latitude:       33.7300
longitude:     -38.4900
depth:          14.3400
Mrr:      -8.190000e+23
Mtt:       2.120000e+24
Mpp:      -1.300000e+24
Mrt:      -6.560000e+23
Mrp:       5.090000e+23
Mtp:       4.090000e+24
