PDE 2009 10 12  3 15 47.30 -17.1000   66.6900  10.0 6.2 6.2 MAURITIUS - REUNION REGI                
event name:     200910120315A  
time shift:      4.1700
half duration:   3.0000
latitude:      -17.0800
longitude:      66.6000
depth:          14.9300
Mrr:      -3.450000e+24
Mtt:      -1.930000e+25
Mpp:       2.270000e+25
Mrt:      -1.130000e+24
Mrp:      -6.570000e+22
Mtp:       9.310001e+24
