PDE 2014  7  4 15  0 27.90  -6.2300  152.8100  20.0 0.0 6.5 NEW BRITAIN REGION, P.N.                
event name:     201407041500A  
time shift:      4.0900
half duration:   3.8000
latitude:       -6.3900
longitude:     152.8900
depth:          12.4100
Mrr:      -4.500000e+25
Mtt:       3.800000e+25
Mpp:       7.070000e+24
Mrt:      -2.100000e+25
Mrp:      -4.960000e+23
Mtp:      -1.420000e+24
