 PDEW2011  6 27 21 13 58.80  39.1100   29.0300  10.4 4.7 4.9 TURKEY                                  
event name:     201106272113A  
time shift:      2.2600
half duration:   0.8000
latitude:       39.0700
longitude:      29.1300
depth:          19.3400
Mrr:      -3.580000e+23
Mtt:       3.220000e+23
Mpp:       3.640000e+22
Mrt:       1.970000e+22
Mrp:      -1.610000e+23
Mtp:      -1.560000e+23

