PDE 2015  5 20  0 30 54.70 -19.3000 -175.5200 203.0 0.0 6.0 TONGA ISLANDS                           
event name:     201505200030A  
time shift:      2.6300
half duration:   2.5000
latitude:      -19.3500
longitude:    -175.1400
depth:         206.0100
Mrr:      -3.060000e+24
Mtt:       4.590000e+24
Mpp:      -1.520000e+24
Mrt:      -4.580000e+24
Mrp:      -1.130000e+25
Mtp:       4.020000e+24
