PDE 2009  2 17  5 28 19.00  39.1100   29.0400   7.3 4.8 5.0 TURKEY                                  
event name:     200902170528A  
time shift:      4.9000
half duration:   1.0000
latitude:       39.1500
longitude:      28.9800
depth:          16.8100
Mrr:      -6.540000e+23
Mtt:       7.020000e+23
Mpp:      -4.720000e+22
Mrt:      -7.360000e+21
Mrp:       3.830000e+23
Mtp:      -2.400000e+23
