PDE 2010  3  4  0 18 51.30  22.9200  120.7900  21.0 6.2 6.3 TAIWAN                                  
event name:     201003040018A  
time shift:      4.0900
half duration:   3.3000
latitude:       22.8600
longitude:     120.5600
depth:          29.0800
Mrr:       1.730000e+25
Mtt:       3.730000e+24
Mpp:      -2.110000e+25
Mrt:      -3.350000e+24
Mrp:      -2.070000e+25
Mtp:       1.020000e+25
