PDE 2013  5 19  9  7 26.50  36.7000    5.2600   6.7 5.0 5.5 NORTHERN ALGERIA                        
event name:     201305190907A  
time shift:      2.7000
half duration:   1.0000
latitude:       36.5900
longitude:       5.1900
depth:          15.0700
Mrr:      -3.110000e+22
Mtt:      -5.830000e+23
Mpp:       6.140000e+23
Mrt:      -3.740000e+23
Mrp:      -7.190000e+22
Mtp:       2.350000e+23
