PDE 2012  3 26 18 12 52.80  10.0700 -104.1600  10.0 5.6 6.0 NORTHERN EAST PACIFIC RI                
event name:     201203261812A  
time shift:      3.6800
half duration:   2.5000
latitude:       10.2900
longitude:    -104.1900
depth:          12.0000
Mrr:      -3.700000e+23
Mtt:      -4.750000e+24
Mpp:       5.110000e+24
Mrt:      -4.270000e+23
Mrp:       1.860000e+23
Mtp:       1.180000e+25
