PDE 2010  3 20 14  0 50.00  -3.3600  152.2400 414.6 6.0 6.6 NEW IRELAND REGION, P.N.                
event name:     201003201400A  
time shift:      3.5300
half duration:   4.7000
latitude:       -3.3200
longitude:     152.3300
depth:         413.5100
Mrr:      -8.140000e+25
Mtt:       6.460000e+25
Mpp:       1.690000e+25
Mrt:       4.470000e+25
Mrp:       1.600000e+25
Mtp:       2.620000e+25
