PDE 2011  4 11 23  8 16.90  35.4200  140.5700  15.0 6.0 6.2 NEAR EAST COAST OF HONSH                
event name:     201104112308A  
time shift:      2.7700
half duration:   3.1000
latitude:       35.4200
longitude:     140.8500
depth:          16.1400
Mrr:      -2.720000e+24
Mtt:      -1.880000e+25
Mpp:       2.150000e+25
Mrt:      -1.710000e+25
Mrp:       1.560000e+24
Mtp:      -4.840000e+24
