PDE 2010  4 17 23 15 22.00  -6.6700  147.2900  53.0 6.2 6.2 EASTERN NEW GUINEA REG.,                
event name:     201004172315A  
time shift:      5.9200
half duration:   2.9000
latitude:       -6.8200
longitude:     147.3000
depth:          62.9100
Mrr:       1.900000e+25
Mtt:      -2.420000e+25
Mpp:       5.140001e+24
Mrt:      -3.520000e+24
Mrp:       7.020000e+22
Mtp:      -1.690000e+24
