PDE 2014  7  3 19 50  7.30 -30.4500 -176.4500  35.0 0.0 6.3 KERMADEC ISLANDS REGION                 
event name:     201407031950A  
time shift:      3.4300
half duration:   3.6000
latitude:      -30.3500
longitude:    -176.3000
depth:          49.1200
Mrr:       2.900000e+25
Mtt:      -2.390000e+25
Mpp:      -5.060000e+24
Mrt:      -5.010000e+24
Mrp:      -1.820000e+25
Mtp:      -2.570000e+25
