PDE 2015  2 13 18 59 12.20  52.6500  -31.9000  16.7 0.0 7.1 NORTHERN MID-ATLANTIC RI                
event name:     201502131859A  
time shift:     15.7500
half duration:   8.4000
latitude:       52.7000
longitude:     -32.7400
depth:          25.1700
Mrr:      -3.790000e+25
Mtt:      -1.030000e+26
Mpp:       1.410000e+26
Mrt:       8.910000e+25
Mrp:      -5.200000e+24
Mtp:      -4.910000e+26
