PDE 2014  4 12  5 24 23.30  -7.1000  155.2400  20.0 0.0 6.1 SOLOMON ISLANDS                         
event name:     201404120524A  
time shift:      9.2600
half duration:   2.8000
latitude:       -7.3100
longitude:     155.2200
depth:          17.9900
Mrr:       1.350000e+25
Mtt:      -1.000000e+25
Mpp:      -3.470000e+24
Mrt:       9.820000e+24
Mrp:      -8.760000e+24
Mtp:       6.750000e+24
