PDE 2008  1  5 11 44 48.20  51.1600 -130.5400  10.0 6.0 6.5 QUEEN CHARLOTTE ISLANDS                 
event name:     200801051144A  
time shift:      2.9700
half duration:   4.0000
latitude:       50.8500
longitude:    -130.9200
depth:          12.0000
Mrr:      -1.950000e+24
Mtt:      -4.900000e+25
Mpp:       5.090000e+25
Mrt:       9.290000e+24
Mrp:       9.330000e+23
Mtp:       1.720000e+25
