PDE 2008  3  3 14 11 14.60  13.3500  125.6300  24.0 6.4 6.9 PHILIPPINE ISLANDS REGIO                
event name:     200803031411A  
time shift:      6.9600
half duration:   6.7000
latitude:       13.5200
longitude:     125.5900
depth:          17.8600
Mrr:      -2.130000e+26
Mtt:       1.580000e+26
Mpp:       5.490000e+25
Mrt:       5.610000e+24
Mrp:       5.750000e+25
Mtp:      -1.700000e+26
