PDE 2015  6 30  3 39 29.40  -5.4500  151.5500  43.0 0.0 6.0 NEW BRITAIN REGION, P.N.                
event name:     201506300339A  
time shift:      3.6300
half duration:   2.4000
latitude:       -5.6000
longitude:     151.6100
depth:          47.8900
Mrr:       1.020000e+25
Mtt:      -1.110000e+25
Mpp:       8.730000e+23
Mrt:       3.170000e+24
Mrp:      -1.940000e+24
Mtp:      -3.510000e+24
