PDE 2010 10  8  3 26 13.70  51.3700 -175.3600  19.0 6.2 6.4 ANDREANOF ISLANDS, ALEUT                
event name:     201010080326A  
time shift:      3.6300
half duration:   3.8000
latitude:       51.2600
longitude:    -175.4000
depth:          18.1300
Mrr:       3.430000e+25
Mtt:      -3.090000e+25
Mpp:      -3.370000e+24
Mrt:       2.820000e+25
Mrp:       1.720000e+25
Mtp:      -1.050000e+25
