PDE 2011 11 14  4  5 11.40  -0.9500  126.9100  17.0 6.2 6.4 SOUTHERN MOLUCCA SEA                    
event name:     201111140405A  
time shift:      5.5600
half duration:   3.8000
latitude:       -0.9500
longitude:     126.8900
depth:          15.0000
Mrr:      -9.540000e+24
Mtt:       2.570000e+25
Mpp:      -1.620000e+25
Mrt:      -5.340000e+24
Mrp:      -4.210000e+25
Mtp:       1.700000e+25
