PDE 2015  8 10  4 12 13.90  -9.3200  158.0300  10.0 0.0 6.7 SOLOMON ISLANDS                         
event name:     201508100412A  
time shift:      4.4100
half duration:   4.9000
latitude:       -9.3600
longitude:     158.0900
depth:          12.0000
Mrr:       1.690000e+25
Mtt:       1.260000e+25
Mpp:      -2.950000e+25
Mrt:       1.190000e+25
Mrp:      -4.310000e+23
Mtp:       9.590000e+25
