PDE 2011  7 11 20 47  4.30   9.5100  122.1700  19.0 6.1 6.4 NEGROS, PHILIPPINES                     
event name:     201107112047A  
time shift:      7.2700
half duration:   4.3000
latitude:        9.6500
longitude:     122.1100
depth:          16.8300
Mrr:       4.130000e+25
Mtt:       1.230000e+24
Mpp:      -4.250000e+25
Mrt:      -2.920000e+24
Mrp:      -5.550000e+25
Mtp:      -2.510000e+24
