PDE 2013  5 11 20 46 57.60 -17.9700 -175.1100 212.9 5.8 6.4 TONGA ISLANDS                           
event name:     201305112046A  
time shift:      7.1700
half duration:   3.6000
latitude:      -17.8900
longitude:    -174.7400
depth:         242.1800
Mrr:      -2.130000e+25
Mtt:       1.950000e+25
Mpp:       1.800000e+24
Mrt:      -9.190000e+24
Mrp:      -3.030000e+25
Mtp:       1.710000e+25
