 PDEW2011 10 10 19  7  1.10  37.2100   22.0600   5.8 5.1 4.9 SOUTHERN GREECE                         
event name:     201110101907A  
time shift:      2.1500
half duration:   0.6000
latitude:       37.1100
longitude:      21.8700
depth:          12.0000
Mrr:      -2.360000e+23
Mtt:       3.500000e+22
Mpp:       2.010000e+23
Mrt:      -5.660000e+22
Mrp:       6.760000e+21
Mtp:      -4.340000e+22

