PDE 2014  5  8 17  0 14.80  17.2400 -100.7500  17.1 0.0 6.4 GUERRERO, MEXICO                        
event name:     201405081700A  
time shift:      5.2400
half duration:   4.2000
latitude:       17.3600
longitude:    -100.7400
depth:          21.2600
Mrr:       4.240000e+25
Mtt:      -3.510000e+25
Mpp:      -7.310001e+24
Mrt:       3.870000e+25
Mrp:      -2.400000e+25
Mtp:       1.610000e+25
