PDE 2014  2 10 12  6 45.90  40.3500   48.9000  48.9 0.0 5.3 EASTERN CAUCASUS                        
event name:     201402101206A  
time shift:      2.9300
half duration:   1.3000
latitude:       40.1600
longitude:      48.8200
depth:          78.0600
Mrr:      -2.940000e+23
Mtt:       1.680000e+24
Mpp:      -1.390000e+24
Mrt:      -1.170000e+24
Mrp:       6.910000e+23
Mtp:       6.610000e+22
