 PDEW2008  2 26 16 10 40.00  36.0900   21.8900  37.7 4.6 4.6 SOUTHERN GREECE                         
event name:     200802261610A  
time shift:      1.6800
half duration:   0.8000
latitude:       36.0700
longitude:      21.8000
depth:          18.3500
Mrr:       3.650000e+23
Mtt:      -2.620000e+23
Mpp:      -1.020000e+23
Mrt:       1.990000e+23
Mrp:      -3.380000e+22
Mtp:       2.410000e+23

