 PDEW2008  6 18  1 58 42.90  37.6700   22.7800  83.0 5.2 0.0 SOUTHERN GREECE                         
event name:     200806180158A  
time shift:      2.5600
half duration:   0.8000
latitude:       37.6300
longitude:      22.7800
depth:          92.5000
Mrr:       3.840000e+23
Mtt:      -4.490000e+23
Mpp:       6.490000e+22
Mrt:       1.270000e+23
Mrp:      -2.100000e+23
Mtp:      -7.540000e+22

