PDE 2008 10 30 15 15 41.10  -9.0200 -108.2500  10.0 5.5 6.0 CENTRAL EAST PACIFIC RIS                
event name:     200810301515A  
time shift:      5.2900
half duration:   2.6000
latitude:       -9.0800
longitude:    -108.3000
depth:          18.1200
Mrr:       4.520000e+23
Mtt:      -9.840000e+23
Mpp:       5.320000e+23
Mrt:      -1.350000e+24
Mrp:      -1.810000e+23
Mtp:       1.500000e+25
