PDE 2012  3 14  9  8 35.10  40.8900  144.9400  12.0 6.7 7.0 OFF EAST COAST OF HONSHU                
event name:     201203140908A  
time shift:      7.6800
half duration:   7.3000
latitude:       40.8800
longitude:     144.9300
depth:          13.0200
Mrr:      -3.500000e+26
Mtt:       3.110000e+26
Mpp:       3.840000e+25
Mrt:      -4.400000e+24
Mrp:       5.660000e+25
Mtp:      -1.270000e+25
