 PDEW2007  7  9 15 58 22.30  34.0900    7.0400  10.0 4.7 0.0 NORTHERN ALGERIA                        
event name:     200707091558A  
time shift:      5.1000
half duration:   0.6000
latitude:       34.1000
longitude:       6.8900
depth:          22.7900
Mrr:       7.770000e+22
Mtt:       1.050000e+23
Mpp:      -1.820000e+23
Mrt:       4.090000e+22
Mrp:      -7.440000e+22
Mtp:      -1.370000e+23

