PDE 2008  8 10  8 20 31.70  11.0400   91.8100  10.0 5.7 6.2 ANDAMAN ISLANDS, INDIA R                
event name:     200808100820A  
time shift:      5.7400
half duration:   2.9000
latitude:       10.9600
longitude:      91.8300
depth:          15.7800
Mrr:      -5.770000e+24
Mtt:      -1.760000e+25
Mpp:       2.340000e+25
Mrt:      -3.220000e+24
Mrp:       2.500000e+24
Mtp:       2.950000e+24
