PDE 2013  1  8 14 16  9.00  39.6600   25.5400  12.9 5.7 5.8 AEGEAN SEA                              
event name:     201301081416A  
time shift:      2.4200
half duration:   2.0000
latitude:       39.6200
longitude:      25.6100
depth:          14.6200
Mrr:      -1.760000e+24
Mtt:       6.460001e+24
Mpp:      -4.700000e+24
Mrt:      -7.830001e+23
Mrp:      -1.590000e+23
Mtp:      -3.500000e+24
