PDE 2011  3  6 14 32 36.10 -56.4200  -27.0600  87.7 6.6 6.5 SOUTH SANDWICH ISLANDS R                
event name:     201103061432A  
time shift:      6.0200
half duration:   4.5000
latitude:      -56.4100
longitude:     -26.6800
depth:         101.2200
Mrr:       2.860000e+25
Mtt:       1.570000e+25
Mpp:      -4.440000e+25
Mrt:      -4.960001e+25
Mrp:       4.830000e+25
Mtp:       1.310000e+25
