 PDEW2014  2  1  8 14  3.20  38.7000   22.7500  18.2 0.0 4.7 GREECE                                  
event name:     201402010814A  
time shift:      2.2700
half duration:   0.7000
latitude:       38.5500
longitude:      22.8100
depth:          16.7500
Mrr:      -2.170000e+23
Mtt:       2.190000e+23
Mpp:      -2.190000e+21
Mrt:      -1.060000e+23
Mrp:      -9.010000e+22
Mtp:      -3.580000e+22

