PDE 2009  4  9 19 38 17.40  42.5100   13.3300   2.6 5.0 5.2 CENTRAL ITALY                           
event name:     200904091938A  
time shift:      4.8900
half duration:   1.0000
latitude:       42.4900
longitude:      13.2400
depth:          12.0000
Mrr:      -7.130000e+23
Mtt:       3.180000e+23
Mpp:       3.960000e+23
Mrt:      -2.870000e+23
Mrp:      -2.540000e+22
Mtp:      -3.570000e+23
