PDE 2009  9 17 23 21 38.50 -29.1400 -112.2700  10.0 5.7 6.2 EASTER ISLAND REGION                    
event name:     200909172321A  
time shift:      7.4500
half duration:   3.1000
latitude:      -29.2400
longitude:    -112.4400
depth:          12.6800
Mrr:       1.520000e+24
Mtt:      -1.980000e+25
Mpp:       1.830000e+25
Mrt:      -2.250000e+24
Mrp:      -1.210000e+24
Mtp:      -1.600000e+25
