PDE 2011  3 29 10 54 33.20  37.4000  142.2900  15.0 6.1 6.1 OFF EAST COAST OF HONSHU                
event name:     201103291054A  
time shift:      2.7800
half duration:   3.1000
latitude:       37.4700
longitude:     142.3700
depth:          18.0500
Mrr:      -1.640000e+25
Mtt:       1.300000e+24
Mpp:       1.510000e+25
Mrt:       1.550000e+25
Mrp:       8.970000e+24
Mtp:       7.690001e+24
