PDE 2010  8 16  3 30 53.30 -17.7600   65.6500   9.8 5.7 6.3 MAURITIUS - REUNION REGI                
event name:     201008160330A  
time shift:      7.9400
half duration:   3.4000
latitude:      -17.7000
longitude:      65.4200
depth:          18.9100
Mrr:      -2.650000e+24
Mtt:      -2.680000e+25
Mpp:       2.950000e+25
Mrt:      -5.870000e+24
Mrp:      -1.520000e+24
Mtp:       1.570000e+25
