PDE 2008 12 17 21 57 44.80  39.2100   15.4400 257.0 5.5 5.3 SOUTHERN ITALY                          
event name:     200812172157A  
time shift:      2.3900
half duration:   1.0000
latitude:       39.2100
longitude:      15.5000
depth:         265.4600
Mrr:      -6.290001e+23
Mtt:      -6.430000e+22
Mpp:       6.930000e+23
Mrt:      -2.160000e+23
Mrp:      -5.680000e+23
Mtp:      -1.930000e+23
