PDE 2009  8 10 19 55 35.60  14.1000   92.8900   4.7 6.9 7.6 ANDAMAN ISLANDS, INDIA R                
event name:     200908101955A  
time shift:     29.4300
half duration:  13.1000
latitude:       14.1600
longitude:      92.9400
depth:          22.0300
Mrr:      -1.510000e+27
Mtt:       4.880000e+26
Mpp:       1.030000e+27
Mrt:       3.780000e+26
Mrp:       4.330000e+26
Mtp:       1.430000e+27
