PDE 2011 10 21  8  2 38.00  43.8900  142.4800 187.0 5.9 6.1 HOKKAIDO, JAPAN REGION                  
event name:     201110210802A  
time shift:      1.0100
half duration:   2.9000
latitude:       43.8300
longitude:     142.5200
depth:         191.4800
Mrr:      -7.620000e+24
Mtt:       9.280000e+24
Mpp:      -1.670000e+24
Mrt:       1.410000e+25
Mrp:      -2.470000e+24
Mtp:       1.400000e+25
