PDE 2013  2  6  1 23 19.80 -11.1800  164.8800  10.0 6.6 7.1 SANTA CRUZ ISLANDS REGIO                
event name:     201302060123A  
time shift:     10.3800
half duration:   8.6000
latitude:      -11.3200
longitude:     164.8600
depth:          22.5300
Mrr:      -5.420000e+26
Mtt:       6.330000e+25
Mpp:       4.790000e+26
Mrt:      -3.770000e+24
Mrp:       1.390000e+26
Mtp:      -1.510000e+26
