 PDEW2015  2 10  8 56 29.90  37.1700   30.0100   5.0 0.0 4.5 TURKEY                                  
event name:     201502100856A  
time shift:      3.0500
half duration:   0.6000
latitude:       36.8100
longitude:      29.9100
depth:          22.6300
Mrr:      -1.660000e+23
Mtt:       1.770000e+22
Mpp:       1.480000e+23
Mrt:      -8.960000e+22
Mrp:       4.530000e+22
Mtp:       2.920000e+22

