PDE 2009  5 19 17 35  0.60  25.2900   37.7400   2.0 5.7 5.7 WESTERN ARABIAN PENINSUL                
event name:     200905191735A  
time shift:      1.8800
half duration:   1.7000
latitude:       25.2000
longitude:      37.7600
depth:          12.0000
Mrr:      -3.990000e+24
Mtt:       1.590000e+24
Mpp:       2.400000e+24
Mrt:       3.540000e+23
Mrp:      -2.850000e+23
Mtp:      -1.850000e+24
