PDE 2014 11  3  8 48 28.50 -41.6500   79.6900  10.0 0.0 5.7 MID-INDIAN RIDGE                        
event name:     201411030848A  
time shift:      8.4800
half duration:   3.4000
latitude:      -41.6600
longitude:      79.9200
depth:          12.0000
Mrr:      -5.300000e+23
Mtt:       3.360000e+25
Mpp:      -3.310000e+25
Mrt:       3.450000e+24
Mrp:      -1.490000e+23
Mtp:      -6.100000e+24
