 PDEW2009  3 19 14 15 19.30  35.1000   23.4400  37.0 5.0 4.8 CRETE, GREECE                           
event name:     200903191415A  
time shift:      5.4200
half duration:   0.7000
latitude:       34.7500
longitude:      23.1600
depth:          56.1400
Mrr:       1.860000e+23
Mtt:      -1.600000e+23
Mpp:      -2.600000e+22
Mrt:       8.740000e+22
Mrp:      -7.490000e+22
Mtp:       2.110000e+23

