PDE 2008  1  9  8 26 45.50  32.2900   85.1700  10.0 6.3 6.4 XIZANG                                  
event name:     200801090826A  
time shift:      7.2800
half duration:   3.9000
latitude:       32.3000
longitude:      85.3200
depth:          13.2700
Mrr:      -4.340000e+25
Mtt:      -7.420000e+24
Mpp:       5.080000e+25
Mrt:       5.630000e+24
Mrp:      -1.770000e+24
Mtp:       1.810000e+25
