 PDEW2012  8  7  7 48 18.40  34.4000   23.9100  24.0 4.5 4.2 CRETE, GREECE                           
event name:     201208070748A  
time shift:      0.2000
half duration:   0.7000
latitude:       34.2800
longitude:      23.8800
depth:          28.2000
Mrr:      -6.500000e+22
Mtt:      -1.970000e+23
Mpp:       2.620000e+23
Mrt:       8.090000e+22
Mrp:       1.010000e+22
Mtp:      -7.360000e+22

