PDE 2013  9  4  0 18 24.10  30.0100  138.7900 407.0 0.0 6.5 SOUTHEAST OF HONSHU, JAP                
event name:     201309040018A  
time shift:      4.0300
half duration:   4.4000
latitude:       30.0200
longitude:     138.7900
depth:         412.0300
Mrr:      -2.800000e+25
Mtt:       2.560000e+25
Mpp:       2.340000e+24
Mrt:       2.410000e+25
Mrp:      -6.170000e+25
Mtp:      -1.640000e+25
