PDE 2008  1 20 20 26  4.90   2.3500  126.8200  35.0 6.0 6.1 NORTHERN MOLUCCA SEA                    
event name:     200801202026A  
time shift:      6.0100
half duration:   2.7000
latitude:        2.6800
longitude:     126.8600
depth:          39.8100
Mrr:      -4.750000e+23
Mtt:       5.390000e+24
Mpp:      -4.920000e+24
Mrt:       3.810000e+24
Mrp:       2.050000e+24
Mtp:       1.550000e+25
