 PDEW2007  4 10  7 15 41.60  38.5300   21.5400   6.3 5.0 4.6 GREECE                                  
event name:     200704100715A  
time shift:      1.6500
half duration:   0.9000
latitude:       38.5000
longitude:      21.4700
depth:          14.5300
Mrr:      -4.870000e+23
Mtt:       5.340000e+23
Mpp:      -4.720000e+22
Mrt:      -3.580000e+22
Mrp:       1.050000e+23
Mtp:      -3.970000e+23

