PDE 2015  4 28 16 39 39.20 -20.8900 -178.6300 581.0 0.0 6.1 FIJI ISLANDS REGION                     
event name:     201504281639A  
time shift:      3.7400
half duration:   2.7000
latitude:      -20.7900
longitude:    -178.7100
depth:         591.4100
Mrr:      -9.640000e+24
Mtt:       8.550000e+24
Mpp:       1.100000e+24
Mrt:      -1.050000e+25
Mrp:      -1.000000e+25
Mtp:      -1.360000e+24
