PDE 2011  5  6 16 20 39.60  32.3300  -40.0800  10.0 5.2 5.2 NORTHERN MID-ATLANTIC RI                
event name:     201105061620A  
time shift:      3.4100
half duration:   1.1000
latitude:       32.4600
longitude:     -40.1500
depth:          12.0000
Mrr:      -9.130000e+23
Mtt:       9.230001e+22
Mpp:       8.210000e+23
Mrt:       4.160000e+23
Mrp:      -2.600000e+23
Mtp:       2.680000e+23
