PDE 2008  9  3 11 25 14.40 -26.7400  -63.2200 569.6 5.9 6.3 SANTIAGO DEL ESTERO PROV                
event name:     200809031125A  
time shift:      3.2500
half duration:   3.4000
latitude:      -26.8500
longitude:     -63.3000
depth:         571.3100
Mrr:      -1.310000e+25
Mtt:      -5.400000e+24
Mpp:       1.850000e+25
Mrt:      -1.600000e+25
Mrp:       2.390000e+25
Mtp:      -8.840000e+23
