PDE 2011  8 20 16 55  2.80 -18.3600  168.1400  32.0 6.2 7.1 VANUATU ISLANDS                         
event name:     201108201655A  
time shift:     10.2600
half duration:   9.0000
latitude:      -18.5200
longitude:     167.9400
depth:          33.4800
Mrr:       5.280000e+26
Mtt:      -4.540000e+25
Mpp:      -4.830000e+26
Mrt:       1.270000e+26
Mrp:      -3.060000e+26
Mtp:       1.770000e+26
