PDE 2011  7 31 14 34 47.30 -17.0200  171.5800  10.0 5.8 6.2 VANUATU ISLANDS REGION                  
event name:     201107311434A  
time shift:      6.9500
half duration:   2.8000
latitude:      -17.0200
longitude:     171.4900
depth:          12.1600
Mrr:      -1.680000e+25
Mtt:       1.590000e+25
Mpp:       8.390000e+23
Mrt:      -1.820000e+24
Mrp:       1.820000e+24
Mtp:      -9.990001e+24
