PDE 2009 12 17  1 37 48.10  36.4600   -9.9000  19.8 5.7 5.6 WEST OF GIBRALTAR                       
event name:     200912170137A  
time shift:      4.9100
half duration:   1.5000
latitude:       36.4700
longitude:      -9.8900
depth:          47.5700
Mrr:      -4.970000e+23
Mtt:      -1.470000e+24
Mpp:       1.960000e+24
Mrt:       1.710000e+24
Mrp:       1.860000e+24
Mtp:      -2.490000e+23
