PDE 2008  1  1 18 54 59.00  -5.8800  146.8800  34.0 6.0 6.3 EASTERN NEW GUINEA REG.,                
event name:     200801011855A  
time shift:      9.8800
half duration:   3.4000
latitude:       -5.9500
longitude:     146.9400
depth:          51.2500
Mrr:       3.260000e+25
Mtt:      -3.110000e+25
Mpp:      -1.460000e+24
Mrt:      -3.370000e+23
Mrp:       7.640000e+23
Mtp:       1.340000e+25
