PDE 2014  3  2  9 37 54.80  12.5600  -87.6900  60.0 0.0 6.2 NEAR COAST OF NICARAGUA                 
event name:     201403020937A  
time shift:      2.7800
half duration:   3.2000
latitude:       12.5200
longitude:     -87.9100
depth:          61.5700
Mrr:       8.360000e+24
Mtt:      -5.530000e+24
Mpp:      -2.840000e+24
Mrt:       1.910000e+25
Mrp:      -1.980000e+25
Mtp:       6.130000e+24
