PDE 2015  4  7  0 46 21.80 -15.1700 -173.2300  30.0 0.0 6.3 TONGA ISLANDS                           
event name:     201504070046A  
time shift:      4.9700
half duration:   3.4000
latitude:      -15.2500
longitude:    -173.1700
depth:          43.1700
Mrr:      -8.000000e+24
Mtt:       1.160000e+25
Mpp:      -3.620000e+24
Mrt:      -3.070000e+25
Mrp:       1.350000e+25
Mtp:       1.490000e+24
