PDE 2014  3 11  2 44  5.80 -60.8600  -19.9800  10.0 0.0 6.4 EAST OF SOUTH SANDWICH I                
event name:     201403110244A  
time shift:      5.1900
half duration:   3.9000
latitude:      -61.0100
longitude:     -19.9200
depth:          17.6400
Mrr:      -2.750000e+24
Mtt:      -7.580000e+24
Mpp:       1.030000e+25
Mrt:       2.700000e+24
Mrp:       2.790000e+24
Mtp:       4.850000e+25
