PDE 2012  1 23 16  4 53.00 -36.4100  -73.0300  20.0 5.8 6.2 NEAR COAST OF CENTRAL CH                
event name:     201201231604A  
time shift:      4.0600
half duration:   2.8000
latitude:      -36.5000
longitude:     -73.4200
depth:          22.2300
Mrr:       1.110000e+25
Mtt:       6.020000e+23
Mpp:      -1.170000e+25
Mrt:      -2.470000e+23
Mrp:      -1.500000e+25
Mtp:      -1.630000e+24
