PDE 2011  3 10 17  8 36.90  -6.8700  116.7200 510.6 6.2 6.6 BALI SEA                                
event name:     201103101708A  
time shift:      1.7100
half duration:   4.8000
latitude:       -6.9500
longitude:     116.7100
depth:         516.9100
Mrr:      -9.150000e+25
Mtt:       9.430000e+25
Mpp:      -2.800000e+24
Mrt:      -1.920000e+25
Mrp:      -1.830000e+25
Mtp:      -1.050000e+25
