PDE 2012  5 22  0  0 32.80  42.6500   22.9700  10.0 5.7 5.6 BULGARIA                                
event name:     201205220000A  
time shift:      1.0700
half duration:   1.6000
latitude:       42.5100
longitude:      23.0500
depth:          12.8000
Mrr:      -2.850000e+24
Mtt:       2.110000e+24
Mpp:       7.410001e+23
Mrt:      -1.330000e+24
Mrp:       1.660000e+22
Mtp:      -1.490000e+24
