PDE 2008 12 23 21 58 25.00  44.5200   10.3900  31.4 5.3 5.1 NORTHERN ITALY                          
event name:     200812232158A  
time shift:      5.2600
half duration:   0.7000
latitude:       44.5000
longitude:      10.2300
depth:          30.3600
Mrr:       2.540000e+23
Mtt:      -2.680000e+23
Mpp:       1.410000e+22
Mrt:       1.120000e+23
Mrp:      -1.370000e+23
Mtp:       1.400000e+23
