PDE 2011  7 25  0 50 47.60  -3.1800  150.6100  10.0 5.9 6.4 NEW IRELAND REGION, P.N.                
event name:     201107250050A  
time shift:      4.7900
half duration:   3.5000
latitude:       -3.1300
longitude:     150.6100
depth:          15.0000
Mrr:      -2.890000e+24
Mtt:       3.910000e+25
Mpp:      -3.620000e+25
Mrt:      -1.010000e+24
Mrp:      -4.000000e+24
Mtp:       7.260000e+24
