PDE 2012  2  6 10 10 19.90   9.8900  123.1000   9.0 5.8 6.0 NEGROS, PHILIPPINES                     
event name:     201202061010A  
time shift:      1.6900
half duration:   2.6000
latitude:        9.9000
longitude:     123.1300
depth:          12.0000
Mrr:       8.230000e+24
Mtt:      -9.280000e+24
Mpp:       1.050000e+24
Mrt:      -4.250000e+24
Mrp:       6.180000e+23
Mtp:      -1.160000e+25
