PDE 2014 11 17 16 52 46.90 -46.3600   33.7700  10.0 0.0 6.2 PRINCE EDWARD ISLANDS RE                
event name:     201411171652A  
time shift:      4.0700
half duration:   3.2000
latitude:      -46.3000
longitude:      33.7400
depth:          18.5500
Mrr:      -2.740000e+24
Mtt:       1.420000e+25
Mpp:      -1.150000e+25
Mrt:       8.550000e+23
Mrp:      -4.070000e+24
Mtp:       2.350000e+25
