PDE 2014  8  3  0 22  3.70   0.8300  146.1700  13.0 0.0 6.9 E. CAROLINE ISLANDS, MIC                
event name:     201408030022A  
time shift:      8.2300
half duration:   6.4000
latitude:        0.8900
longitude:     146.2300
depth:          19.4000
Mrr:       8.120000e+25
Mtt:      -1.530000e+26
Mpp:       7.230000e+25
Mrt:      -3.860000e+25
Mrp:       4.950000e+25
Mtp:       1.920000e+26
