 PDEW2009  8 21 13 39 58.80  41.9000   19.1200  22.8 4.9 4.9 ALBANIA                                 
event name:     200908211339A  
time shift:      2.8200
half duration:   0.8000
latitude:       41.7600
longitude:      19.0700
depth:          21.0700
Mrr:       4.520000e+23
Mtt:      -2.310000e+23
Mpp:      -2.210000e+23
Mrt:       1.360000e+23
Mrp:      -1.560000e+23
Mtp:       2.270000e+23

