 PDEW2015  2 16 11 52 46.20  37.2200   30.0800  10.0 0.0 4.7 TURKEY                                  
event name:     201502161152A  
time shift:      2.1400
half duration:   0.7000
latitude:       37.0600
longitude:      30.0100
depth:          12.0000
Mrr:      -3.020000e+23
Mtt:       2.010000e+22
Mpp:       2.820000e+23
Mrt:       5.620000e+22
Mrp:       2.490000e+22
Mtp:      -1.450000e+22

