 PDEW2008  6 12  0 20 45.60  35.1100   26.1900  29.0 5.2 5.5 CRETE, GREECE                           
event name:     200806120020A  
time shift:      3.4800
half duration:   0.9000
latitude:       35.2800
longitude:      26.3600
depth:          40.7400
Mrr:      -2.940000e+23
Mtt:      -1.160000e+23
Mpp:       4.100000e+23
Mrt:      -4.890000e+22
Mrp:      -3.900000e+23
Mtp:      -3.480000e+23

