PDE 2012  9 26 23 39 55.10  51.5900 -178.2900  16.0 6.3 6.5 ANDREANOF ISLANDS, ALEUT                
event name:     201209262339A  
time shift:      4.0300
half duration:   4.3000
latitude:       51.5600
longitude:    -178.0800
depth:          15.2800
Mrr:      -3.070000e+25
Mtt:      -1.910000e+25
Mpp:       4.980000e+25
Mrt:       4.040000e+25
Mrp:       1.970000e+25
Mtp:      -2.730000e+25
