PDE 2008  4 28 20 26 53.10 -20.2400  168.8200  35.0 5.8 6.1 LOYALTY ISLANDS                         
event name:     200804282026A  
time shift:      4.0600
half duration:   2.5000
latitude:      -20.2300
longitude:     168.8100
depth:          17.0800
Mrr:      -1.250000e+25
Mtt:       9.350001e+24
Mpp:       3.100000e+24
Mrt:      -2.690000e+24
Mrp:      -3.990000e+24
Mtp:      -7.120000e+24
