PDE 2013  1  5  8 58 19.30  55.3900 -134.6500  10.0 6.4 7.7 SOUTHEASTERN ALASKA                     
event name:     201301050858A  
time shift:     12.1700
half duration:  14.2000
latitude:       55.6900
longitude:    -134.9700
depth:          13.8100
Mrr:       6.440000e+24
Mtt:      -1.700000e+27
Mpp:       1.690000e+27
Mrt:       1.090000e+27
Mrp:       5.960000e+26
Mtp:       1.290000e+27
