PDE 2013  9 24 11 29 48.00  26.9700   65.5200  15.0 0.0 7.7 PAKISTAN                                
event name:     201309241129A  
time shift:     20.4100
half duration:  18.6000
latitude:       26.7000
longitude:      65.0400
depth:          12.0000
Mrr:       5.200000e+26
Mtt:      -3.880000e+27
Mpp:       3.360000e+27
Mrt:       3.720000e+27
Mrp:      -2.240000e+27
Mtp:       2.480000e+25
