PDE 2011  3 11 20 11 24.10  39.0100  142.6300  17.4 5.9 6.1 NEAR EAST COAST OF HONSH                
event name:     201103112011A  
time shift:      3.0100
half duration:   2.8000
latitude:       38.9800
longitude:     142.6800
depth:          12.0000
Mrr:      -1.930000e+25
Mtt:       1.080000e+25
Mpp:       8.520000e+24
Mrt:       4.050000e+24
Mrp:       3.300000e+23
Mtp:      -7.260000e+24
