PDE 2008  3 18  8 22 47.10 -29.2500 -177.4400  25.0 5.8 6.2 KERMADEC ISLANDS, NEW ZE                
event name:     200803180822A  
time shift:      6.3300
half duration:   3.1000
latitude:      -29.0900
longitude:    -176.8900
depth:          35.1200
Mrr:       1.980000e+25
Mtt:       1.380000e+24
Mpp:      -2.110000e+25
Mrt:       3.420000e+24
Mrp:       1.520000e+25
Mtp:      -5.880000e+24
