PDE 2008 12 10 13 15 34.40 -12.3400  166.5700  51.0 5.7 6.0 SANTA CRUZ ISLANDS                      
event name:     200812101315A  
time shift:      4.8400
half duration:   2.4000
latitude:      -12.3300
longitude:     166.3200
depth:          67.2200
Mrr:       9.430000e+24
Mtt:      -9.280000e+24
Mpp:      -1.590000e+23
Mrt:      -6.540000e+24
Mrp:      -1.230000e+24
Mtp:       3.430000e+24
