PDE 2014  6 23 20  6 20.70 -29.9400 -177.6100  26.6 0.0 6.7 KERMADEC ISLANDS, NEW ZE                
event name:     201406232006A  
time shift:      7.0000
half duration:   5.4000
latitude:      -29.9400
longitude:    -177.3000
depth:          36.8000
Mrr:       1.130000e+26
Mtt:      -1.120000e+25
Mpp:      -1.010000e+26
Mrt:       1.410000e+25
Mrp:       7.909999e+25
Mtp:      -2.950000e+25
