PDE 2011 10 14  3 35 14.80  -6.5700  147.8800  37.0 5.7 6.5 EASTERN NEW GUINEA REG.,                
event name:     201110140335A  
time shift:      5.4400
half duration:   4.2000
latitude:       -6.9000
longitude:     148.1500
depth:          33.0100
Mrr:       4.260000e+25
Mtt:      -2.490000e+25
Mpp:      -1.770000e+25
Mrt:       3.690000e+25
Mrp:       2.510000e+25
Mtp:      -2.380000e+25
