PDE 2012  4  6 16 15 58.00  -4.5500  153.4600 108.5 5.5 6.1 NEW IRELAND REGION, P.N.                
event name:     201204061615A  
time shift:      2.7100
half duration:   2.8000
latitude:       -4.6800
longitude:     153.5500
depth:          96.8400
Mrr:       1.660000e+25
Mtt:      -5.350000e+24
Mpp:      -1.130000e+25
Mrt:      -5.580000e+24
Mrp:       6.460000e+24
Mtp:       9.600000e+24
