PDE 2008  2  4 17  1 31.00 -20.1700  -70.0400  43.5 6.0 6.3 NEAR COAST OF NORTHERN C                
event name:     200802041701A  
time shift:      5.2900
half duration:   3.6000
latitude:      -20.2700
longitude:     -70.7600
depth:          46.1300
Mrr:       2.860000e+25
Mtt:       4.370000e+24
Mpp:      -3.300000e+25
Mrt:       9.290000e+24
Mrp:      -2.290000e+25
Mtp:       6.490000e+24
