 PDEW2007 11  9  7 11 55.80  38.7400   25.7100  10.0 4.7 5.2 AEGEAN SEA                              
event name:     200711090711A  
time shift:      2.5400
half duration:   0.7000
latitude:       38.7600
longitude:      25.6600
depth:          19.5000
Mrr:      -1.590000e+23
Mtt:       1.940000e+23
Mpp:      -3.510000e+22
Mrt:      -3.310000e+21
Mrp:       1.120000e+23
Mtp:      -1.360000e+23

