PDE 2012  9 19  9 17 46.80  37.3100   37.1000   7.0 4.9 5.1 TURKEY                                  
event name:     201209190917A  
time shift:      1.9100
half duration:   0.8000
latitude:       37.2800
longitude:      37.1200
depth:          21.4000
Mrr:      -6.880000e+22
Mtt:      -2.740000e+23
Mpp:       3.430000e+23
Mrt:       2.880000e+23
Mrp:      -1.130000e+23
Mtp:      -1.160000e+23
