PDE 2010  1 12 21 53 10.20  18.4500  -72.5500  13.0 0.0 7.0 HAITI REGION                            
event name:     201001122153A  
time shift:      6.9000
half duration:   8.1000
latitude:       18.6100
longitude:     -72.6200
depth:          12.0000
Mrr:       1.740000e+26
Mtt:      -3.870000e+26
Mpp:       2.130000e+26
Mrt:      -5.310000e+25
Mrp:      -1.060000e+26
Mtp:       2.740000e+26
