PDE 2010  5  9  5 59 41.60   3.7500   96.0200  38.0 6.7 7.3 NORTHERN SUMATRA, INDONE                
event name:     201005090559A  
time shift:      9.8200
half duration:  10.3000
latitude:        3.3600
longitude:      95.7800
depth:          37.2200
Mrr:       4.540000e+26
Mtt:      -2.760000e+26
Mpp:      -1.770000e+26
Mrt:       6.290001e+26
Mrp:      -5.290000e+26
Mtp:       2.310000e+26
