PDE 2011  3 17  2 48  0.00 -17.2700  167.8300  17.0 5.6 6.3 VANUATU ISLANDS                         
event name:     201103170247A  
time shift:      6.6000
half duration:   3.1000
latitude:      -17.3200
longitude:     167.6400
depth:          21.9900
Mrr:       2.100000e+25
Mtt:       4.880000e+23
Mpp:      -2.150000e+25
Mrt:       4.370000e+24
Mrp:      -1.410000e+25
Mtp:       4.060000e+24
