PDE 2010  3 11 14 55 27.50 -34.3200  -71.8000  18.0 6.5 6.7 NEAR COAST OF CENTRAL CH                
event name:     201003111455A  
time shift:      8.0500
half duration:   7.4000
latitude:      -34.5300
longitude:     -72.1300
depth:          16.2900
Mrr:      -5.900000e+25
Mtt:       2.410000e+24
Mpp:       5.660000e+25
Mrt:      -1.270000e+26
Mrp:       3.200000e+26
Mtp:       2.700000e+24
