PDE 2010  3  3 17 44 25.00 -36.6100  -73.3600  20.0 5.6 6.1 NEAR COAST OF CENTRAL CH                
event name:     201003031744A  
time shift:      5.2600
half duration:   2.7000
latitude:      -36.7000
longitude:     -73.6900
depth:          16.3000
Mrr:       6.980000e+24
Mtt:       3.980000e+23
Mpp:      -7.380000e+24
Mrt:      -3.530000e+23
Mrp:      -1.640000e+25
Mtp:      -1.090000e+24
