PDE 2013  2  7 18 59 16.30 -11.0000  165.6500  11.0 6.4 6.9 SANTA CRUZ ISLANDS                      
event name:     201302071859A  
time shift:      7.6800
half duration:   5.7000
latitude:      -10.9400
longitude:     165.5900
depth:          15.2300
Mrr:      -2.660000e+25
Mtt:       3.720000e+25
Mpp:      -1.060000e+25
Mrt:      -4.370000e+25
Mrp:       8.160000e+25
Mtp:      -1.290000e+26
