PDE 2010 12 23 14  0 32.30  53.1300  171.1600  18.0 6.1 6.3 NEAR ISLANDS, ALEUTIAN I                
event name:     201012231400A  
time shift:      4.6200
half duration:   3.7000
latitude:       52.9200
longitude:     171.3700
depth:          19.5600
Mrr:       1.990000e+25
Mtt:      -2.500000e+25
Mpp:       5.090000e+24
Mrt:       3.160000e+25
Mrp:       1.790000e+25
Mtp:      -7.080001e+23
