PDE 2012  4 11  8 38 36.70   2.3300   93.0600  20.0 7.4 8.6 OFF W COAST OF NORTHERN                 
event name:     201204110838A  
time shift:     54.7000
half duration:  47.3000
latitude:        2.3500
longitude:      92.8200
depth:          45.6300
Mrr:       1.320000e+28
Mtt:      -6.190000e+28
Mpp:       4.870000e+28
Mrt:      -1.750000e+28
Mrp:       1.040000e+28
Mtp:      -6.950000e+28
