PDE 2014  4 19 13 28  0.80  -6.7600  155.0200  43.4 0.0 7.5 SOLOMON ISLANDS                         
event name:     201404191328A  
time shift:     11.9700
half duration:  13.8000
latitude:       -6.6400
longitude:     154.6700
depth:          36.0400
Mrr:       2.120000e+27
Mtt:      -1.150000e+27
Mpp:      -9.700000e+26
Mrt:       5.400000e+26
Mrp:      -6.030000e+26
Mtp:       1.110000e+27
