PDE 2013  5 23 17 19  4.80 -23.0100 -177.2300 173.7 6.6 7.4 SOUTH OF FIJI ISLANDS                   
event name:     201305231719A  
time shift:      8.1800
half duration:  12.3000
latitude:      -23.1900
longitude:    -176.8800
depth:         188.0600
Mrr:      -4.140000e+26
Mtt:      -5.780000e+25
Mpp:       4.720000e+26
Mrt:      -4.300000e+26
Mrp:      -1.500000e+27
Mtp:      -8.480000e+24
