PDE 2012  9  3 18 23  5.20 -10.7100  113.9300  14.0 6.4 6.2 SOUTH OF JAVA, INDONESIA                
event name:     201209031823A  
time shift:      3.3200
half duration:   3.5000
latitude:      -10.9600
longitude:     113.9100
depth:          17.2100
Mrr:      -3.070000e+25
Mtt:       3.370000e+25
Mpp:      -2.970000e+24
Mrt:       1.120000e+25
Mrp:       2.910000e+24
Mtp:      -1.170000e+25
