PDE 2014 10 28  3 15 43.40 -15.1900 -174.6600  35.0 0.0 6.1 TONGA ISLANDS                           
event name:     201410280315A  
time shift:      1.0100
half duration:   2.5000
latitude:      -15.1500
longitude:    -174.5500
depth:          14.9700
Mrr:       9.010000e+22
Mtt:      -1.290000e+25
Mpp:       1.280000e+25
Mrt:      -1.390000e+24
Mrp:       1.400000e+24
Mtp:       5.570000e+24
