PDE 2013  2 28 14  5 50.30  50.9700  157.2700  41.0 6.4 6.9 KURIL ISLANDS                           
event name:     201302281405A  
time shift:      8.7400
half duration:   6.2000
latitude:       50.8300
longitude:     157.9300
depth:          45.0800
Mrr:       1.880000e+26
Mtt:      -5.790000e+25
Mpp:      -1.300000e+26
Mrt:       5.900000e+25
Mrp:       7.320000e+25
Mtp:      -8.800000e+25
