PDE 2012  2  2 13 34 40.70 -17.8300  167.1300  23.0 6.5 7.1 VANUATU ISLANDS                         
event name:     201202021334A  
time shift:      8.4900
half duration:   8.0000
latitude:      -17.6900
longitude:     167.1100
depth:          20.5200
Mrr:      -2.920000e+26
Mtt:      -1.200000e+26
Mpp:       4.130000e+26
Mrt:      -9.170000e+25
Mrp:       8.960000e+25
Mtp:       2.360000e+26
