PDE 2012  2  5  0 15 38.90 -18.8900  168.9200 145.0 5.4 6.1 VANUATU ISLANDS                         
event name:     201202050015A  
time shift:      4.7200
half duration:   2.8000
latitude:      -19.0200
longitude:     168.8800
depth:         155.5800
Mrr:       8.130000e+24
Mtt:      -2.940000e+24
Mpp:      -5.190000e+24
Mrt:      -5.420000e+24
Mrp:      -9.340000e+24
Mtp:       1.270000e+25
