PDE 2012  4 28 10  8  8.10 -18.6800 -174.7100 134.7 6.4 6.7 TONGA ISLANDS                           
event name:     201204281008A  
time shift:      4.6400
half duration:   5.2000
latitude:      -18.7900
longitude:    -174.2600
depth:         140.6700
Mrr:      -7.630000e+25
Mtt:       7.920000e+25
Mpp:      -2.970000e+24
Mrt:       8.469999e+25
Mrp:       4.110000e+25
Mtp:       2.480000e+25
