PDE 2013  7  8 15 30 28.10  16.7100   40.8300  10.5 5.3 5.6 RED SEA                                 
event name:     201307081530A  
time shift:      1.9500
half duration:   1.4000
latitude:       16.8100
longitude:      40.8600
depth:          13.7900
Mrr:      -4.710000e+23
Mtt:      -1.170000e+24
Mpp:       1.640000e+24
Mrt:      -3.930000e+23
Mrp:      -2.250000e+23
Mtp:      -2.080000e+24
