PDE 2009 10  4 10 58  0.20   6.7400  123.3800 620.0 6.4 6.6 MINDANAO, PHILIPPINES                   
event name:     200910041058A  
time shift:      3.3600
half duration:   5.0000
latitude:        6.7700
longitude:     123.5600
depth:         625.7900
Mrr:       7.660000e+24
Mtt:      -6.930000e+23
Mpp:      -6.970000e+24
Mrt:      -7.220000e+25
Mrp:      -7.880000e+25
Mtp:      -1.470000e+25
