PDE 2011  3  1  0 53 46.30 -29.7000 -111.9800  10.0 5.6 6.1 EASTER ISLAND REGION                    
event name:     201103010053A  
time shift:      5.0500
half duration:   2.6000
latitude:      -29.6800
longitude:    -112.2600
depth:          19.9200
Mrr:      -3.490000e+23
Mtt:      -1.370000e+25
Mpp:       1.400000e+25
Mrt:      -3.220000e+24
Mrp:      -2.870000e+23
Mtp:       5.250000e+24
