PDE 2013  4 16 22 55 26.70  -3.2100  142.5400  13.0 6.1 6.6 NEAR N COAST OF NEW GUIN                
event name:     201304162255A  
time shift:      6.9400
half duration:   4.9000
latitude:       -3.1300
longitude:     142.6100
depth:          18.3800
Mrr:       5.310000e+25
Mtt:      -2.380000e+25
Mpp:      -2.930000e+25
Mrt:      -7.150000e+24
Mrp:       7.200000e+25
Mtp:       5.200000e+25
