PDE 2010 11 10  4  5 24.40 -45.4600   96.3900  10.0 6.0 6.5 SOUTHEAST INDIAN RIDGE                  
event name:     201011100405A  
time shift:      6.4100
half duration:   4.1000
latitude:      -45.4600
longitude:      96.0700
depth:          12.0000
Mrr:      -4.550000e+24
Mtt:      -5.260000e+25
Mpp:       5.710000e+25
Mrt:      -5.630000e+24
Mrp:       1.170000e+24
Mtp:      -2.120000e+25
