PDE 2008 11  8  7 49 59.00 -15.2200 -174.2300 121.0 5.4 6.0 TONGA ISLANDS                           
event name:     200811080750A  
time shift:      5.4700
half duration:   2.4000
latitude:      -15.0700
longitude:    -173.9400
depth:         131.9500
Mrr:      -3.370000e+24
Mtt:       6.520000e+24
Mpp:      -3.150000e+24
Mrt:      -6.570000e+24
Mrp:      -7.440000e+24
Mtp:      -2.390000e+24
