PDE 2014  1 25  5 14 18.50  -7.9900  109.2600  66.0 0.0 6.1 JAVA, INDONESIA                         
event name:     201401250514A  
time shift:      4.2900
half duration:   2.9000
latitude:       -8.3600
longitude:     109.2700
depth:          76.1300
Mrr:      -1.280000e+25
Mtt:       1.180000e+25
Mpp:       9.620000e+23
Mrt:      -1.560000e+25
Mrp:       5.820000e+24
Mtp:      -3.370000e+24
