PDE 2014  9 24 11 16 14.90 -23.8200  -66.6400 224.0 0.0 6.2 JUJUY PROVINCE, ARGENTIN                
event name:     201409241116A  
time shift:      4.1100
half duration:   3.2000
latitude:      -23.7800
longitude:     -66.7200
depth:         227.6100
Mrr:      -2.270000e+25
Mtt:      -2.140000e+24
Mpp:       2.480000e+25
Mrt:      -1.920000e+24
Mrp:      -1.280000e+25
Mtp:       6.690000e+23
