PDE 2008  2 27  6 54 20.60  26.8200  142.4400  15.0 5.8 6.2 BONIN ISLANDS, JAPAN REG                
event name:     200802270654A  
time shift:      3.2500
half duration:   3.2000
latitude:       26.7200
longitude:     142.8000
depth:          16.8400
Mrr:       1.870000e+25
Mtt:       2.170000e+24
Mpp:      -2.090000e+25
Mrt:       3.930000e+24
Mrp:       2.050000e+25
Mtp:      -3.450000e+24
