PDE 2013 11 22  6 51 25.50  34.4300   45.5800  10.5 0.0 5.4 IRAN-IRAQ BORDER REGION                 
event name:     201311220651A  
time shift:      6.2500
half duration:   1.7000
latitude:       34.3600
longitude:      45.3400
depth:          12.6600
Mrr:       2.310000e+24
Mtt:      -5.410000e+23
Mpp:      -1.770000e+24
Mrt:       2.050000e+24
Mrp:      -2.540000e+24
Mtp:       1.240000e+24
