 PDEW2008  6 21 11 36 23.90  36.0600   21.8200   5.0 5.4 5.6 SOUTHERN GREECE                         
event name:     200806211136A  
time shift:      4.2000
half duration:   1.6000
latitude:       36.0900
longitude:      21.8600
depth:          12.0000
Mrr:       3.000000e+24
Mtt:      -2.750000e+24
Mpp:      -2.530000e+23
Mrt:       1.180000e+24
Mrp:      -9.000000e+23
Mtp:       1.630000e+24

