PDE 2010  1  5 12 15 32.20  -9.0200  157.5500  15.4 6.2 6.8 SOLOMON ISLANDS                         
event name:     201001051215A  
time shift:     13.2900
half duration:   6.4000
latitude:       -9.1100
longitude:     157.7700
depth:          12.0000
Mrr:       1.440000e+26
Mtt:      -9.570000e+25
Mpp:      -4.790000e+25
Mrt:       7.540000e+25
Mrp:      -1.290000e+26
Mtp:       1.080000e+26
