PDE 2014  6 29 14 32 49.40 -55.3600  -28.1100  10.0 0.0 6.0 SOUTH SANDWICH ISLANDS R                
event name:     201406291432A  
time shift:      7.5400
half duration:   2.5000
latitude:      -55.2700
longitude:     -28.0300
depth:          14.3600
Mrr:       1.050000e+25
Mtt:      -7.370000e+24
Mpp:      -3.170000e+24
Mrt:      -5.220000e+24
Mrp:       4.040000e+24
Mtp:       6.430000e+24
