PDE 2010  3 25  5 29 24.70  13.8300  120.0700  16.0 5.9 6.0 MINDORO, PHILIPPINES                    
event name:     201003250529A  
time shift:      4.9200
half duration:   2.3000
latitude:       13.8500
longitude:     119.8000
depth:          19.5600
Mrr:       5.970000e+24
Mtt:       1.310000e+24
Mpp:      -7.280000e+24
Mrt:      -1.610000e+24
Mrp:      -8.210000e+24
Mtp:       1.260000e+24
