PDE 2014  6 19 10 17 55.50 -13.5600  166.8300  36.0 0.0 6.2 VANUATU ISLANDS                         
event name:     201406191017A  
time shift:      5.0000
half duration:   3.2000
latitude:      -13.6300
longitude:     166.6000
depth:          46.6600
Mrr:       2.790000e+25
Mtt:      -6.720000e+23
Mpp:      -2.720000e+25
Mrt:      -9.420000e+23
Mrp:       8.700000e+24
Mtp:       6.310000e+24
