PDE 2011  8 22 20 12 21.00  -6.2800  104.0500  29.0 6.1 6.1 SUNDA STRAIT, INDONESIA                 
event name:     201108222012A  
time shift:      2.8000
half duration:   2.7000
latitude:       -6.6800
longitude:     103.9300
depth:          30.9300
Mrr:       1.200000e+25
Mtt:      -9.210000e+24
Mpp:      -2.760000e+24
Mrt:       9.280000e+24
Mrp:      -5.870000e+24
Mtp:       6.190000e+24
