PDE 2010  4 11  9 40 25.60 -10.8800  161.1200  21.0 6.6 7.0 SOLOMON ISLANDS                         
event name:     201004110940A  
time shift:      8.3200
half duration:   6.5000
latitude:      -11.0400
longitude:     161.1800
depth:          36.0600
Mrr:       1.980000e+26
Mtt:      -2.030000e+26
Mpp:       4.130000e+24
Mrt:       2.710000e+25
Mrp:      -2.680000e+25
Mtp:       1.410000e+26
