PDE 2014  4 17 15  6 51.50 -62.8700  155.7400  20.6 0.0 6.2 BALLENY ISLANDS REGION                  
event name:     201404171506A  
time shift:     14.2300
half duration:   3.1000
latitude:      -62.6500
longitude:     155.4300
depth:          12.0000
Mrr:      -8.660000e+23
Mtt:       2.100000e+25
Mpp:      -2.020000e+25
Mrt:      -4.740000e+24
Mrp:      -2.210000e+24
Mtp:      -1.390000e+25
