PDE 2011  5 13 22 47 54.00   9.9500  -84.3100  72.8 5.6 6.0 COSTA RICA                              
event name:     201105132247A  
time shift:      5.0200
half duration:   2.4000
latitude:       10.0100
longitude:     -84.3100
depth:          85.2700
Mrr:       2.030000e+24
Mtt:       7.640000e+24
Mpp:      -9.670000e+24
Mrt:       5.410000e+24
Mrp:       3.570000e+24
Mtp:       2.680000e+24
