PDE 2010  2 27 15 45 37.00 -24.8700  -65.6000  10.0 6.3 6.1 SALTA PROVINCE, ARGENTIN                
event name:     201002271545A  
time shift:      6.3400
half duration:   3.9000
latitude:      -24.9100
longitude:     -65.5900
depth:          27.0000
Mrr:       2.240000e+25
Mtt:      -1.330000e+24
Mpp:      -2.100000e+25
Mrt:      -6.780000e+24
Mrp:       1.830000e+25
Mtp:       5.510000e+24
