 PDEW2008  5 10 20 53  4.20  36.3000   22.2400  57.0 4.9 4.7 SOUTHERN GREECE                         
event name:     200805102053A  
time shift:      3.4100
half duration:   1.4000
latitude:       36.2600
longitude:      22.0500
depth:          20.0000
Mrr:       1.950000e+23
Mtt:      -1.100000e+23
Mpp:      -8.510000e+22
Mrt:       1.550000e+24
Mrp:      -7.820000e+23
Mtp:       1.210000e+23

