PDE 2009 11 11  9 51  6.50  37.5100   20.3600  10.0 5.1 5.4 IONIAN SEA                              
event name:     200911110951A  
time shift:      4.8500
half duration:   1.0000
latitude:       37.2500
longitude:      20.1900
depth:          19.5700
Mrr:       4.170000e+23
Mtt:      -3.040000e+23
Mpp:      -1.130000e+23
Mrt:       8.290000e+23
Mrp:      -2.670000e+23
Mtp:       3.040000e+23
