PDE 2008  3 24 20 39  7.60 -20.0400  -68.9600 120.0 5.7 6.2 CHILE-BOLIVIA BORDER REG                
event name:     200803242039A  
time shift:      3.3200
half duration:   2.9000
latitude:      -20.3100
longitude:     -69.4200
depth:         129.2300
Mrr:      -1.330000e+25
Mtt:      -1.670000e+24
Mpp:       1.490000e+25
Mrt:       4.130000e+23
Mrp:      -1.580000e+25
Mtp:       2.560000e+24
