PDE 2012  1 15 13 40 19.50 -60.9500  -56.1100   8.0 6.5 6.6 SOUTH SHETLAND ISLANDS                  
event name:     201201151340A  
time shift:      6.7400
half duration:   4.6000
latitude:      -60.6200
longitude:     -56.4700
depth:          13.6200
Mrr:      -3.710000e+24
Mtt:       8.080000e+25
Mpp:      -7.710000e+25
Mrt:       2.560000e+24
Mrp:       2.610000e+25
Mtp:       1.360000e+25
