PDE 2013 11 17  9  4 55.50 -60.2700  -46.4000  10.0 0.0 7.7 SCOTIA SEA                              
event name:     201311170904A  
time shift:     45.4800
half duration:  18.9000
latitude:      -60.4900
longitude:     -45.3200
depth:          23.8400
Mrr:       5.920000e+25
Mtt:       1.210000e+27
Mpp:      -1.270000e+27
Mrt:       1.560000e+27
Mrp:       3.950000e+27
Mtp:       3.860000e+27
