PDE 2011  9 15  8  0  9.60  36.2600  141.3400  28.0 5.8 6.2 NEAR EAST COAST OF HONSH                
event name:     201109150800A  
time shift:      3.5800
half duration:   3.2000
latitude:       36.2200
longitude:     141.5400
depth:          27.9300
Mrr:       1.750000e+25
Mtt:      -1.940000e+24
Mpp:      -1.550000e+25
Mrt:       7.320001e+24
Mrp:       2.080000e+25
Mtp:      -7.410000e+24
