PDE 2008  3 12 11 36 55.30 -16.4900  167.1800  10.0 5.6 6.3 VANUATU ISLANDS                         
event name:     200803121136A  
time shift:      7.5200
half duration:   3.6000
latitude:      -16.5900
longitude:     167.1700
depth:          12.2200
Mrr:       2.870000e+25
Mtt:      -1.240000e+24
Mpp:      -2.740000e+25
Mrt:       8.120000e+24
Mrp:      -2.460000e+25
Mtp:       8.740000e+24
