PDE 2011 10 27  8  4 22.40  37.2500   43.8600  10.0 5.2 5.4 TURKEY                                  
event name:     201110270804A  
time shift:     -0.9000
half duration:   0.9000
latitude:       37.0800
longitude:      43.8600
depth:          20.3300
Mrr:       3.250000e+22
Mtt:      -6.200000e+23
Mpp:       5.880000e+23
Mrt:       1.790000e+23
Mrp:       7.480000e+22
Mtp:      -1.220000e+23
