PDE 2012  9  5 14 42  7.90  10.1000  -85.3100  35.0 6.8 7.7 COSTA RICA                              
event name:     201209051442A  
time shift:     15.3700
half duration:  15.8000
latitude:       10.0000
longitude:     -85.6400
depth:          29.6700
Mrr:       1.850000e+27
Mtt:      -1.370000e+27
Mpp:      -4.830000e+26
Mrt:       2.610000e+27
Mrp:      -1.160000e+27
Mtp:       8.600000e+26
