PDE 2014  6 29 17 15  9.30 -14.9800 -175.5100  18.0 0.0 6.7 SAMOA ISLANDS REGION                    
event name:     201406291715A  
time shift:     11.3700
half duration:   5.0000
latitude:      -15.0000
longitude:    -175.5200
depth:          15.2800
Mrr:      -9.999999e+24
Mtt:       5.150000e+25
Mpp:      -4.150000e+25
Mrt:       5.530000e+24
Mrp:      -7.540000e+24
Mtp:       1.000000e+26
