 PDEW2007  6 29 22 21 13.80  39.3100   20.1600   0.0 4.5 5.1 GREECE-ALBANIA BORDER RE                
event name:     200706292221A  
time shift:      4.1600
half duration:   0.6000
latitude:       39.2400
longitude:      20.1000
depth:          13.9900
Mrr:       1.390000e+23
Mtt:      -4.260000e+22
Mpp:      -9.600000e+22
Mrt:       9.730000e+22
Mrp:      -6.430000e+22
Mtp:       1.660000e+23

