PDE 2010 12 22 21 49 38.80  26.8100  143.6000  10.0 6.2 6.4 BONIN ISLANDS, JAPAN REG                
event name:     201012222149A  
time shift:      6.8600
half duration:   3.8000
latitude:       26.7900
longitude:     143.6900
depth:          30.7800
Mrr:      -1.300000e+25
Mtt:       1.400000e+25
Mpp:      -9.310000e+23
Mrt:       7.640000e+24
Mrp:      -1.990000e+25
Mtp:      -4.400000e+25
