PDE 2013 11 19 17  0 44.20  18.4800  145.2000 511.0 0.0 6.0 MARIANA ISLANDS                         
event name:     201311191700A  
time shift:      3.1400
half duration:   2.5000
latitude:       18.5400
longitude:     145.1800
depth:         515.2300
Mrr:      -1.260000e+25
Mtt:       2.270000e+24
Mpp:       1.030000e+25
Mrt:      -8.290000e+22
Mrp:       4.750000e+24
Mtp:       2.720000e+24
