PDE 2008  4 19  3 12 25.20  -7.8200  125.6900  13.0 5.8 6.1 BANDA SEA                               
event name:     200804190312A  
time shift:      6.5400
half duration:   2.7000
latitude:       -7.8200
longitude:     125.7200
depth:          14.4800
Mrr:       3.090000e+24
Mtt:      -2.600000e+24
Mpp:      -4.880000e+23
Mrt:      -2.760000e+24
Mrp:      -7.360000e+24
Mtp:      -1.420000e+25
