PDE 2009  3  6 10 50 29.40  80.3200   -1.8500   9.0 6.6 6.5 NORTH OF SVALBARD                       
event name:     200903061050A  
time shift:      2.8000
half duration:   4.2000
latitude:       80.3300
longitude:      -2.3200
depth:          13.0100
Mrr:      -1.160000e+25
Mtt:      -4.630000e+25
Mpp:       5.800000e+25
Mrt:      -1.500000e+25
Mrp:      -2.060000e+25
Mtp:      -2.320000e+25
