PDE 2010  8 14  7 30 16.90  12.3500  141.4900  10.0 6.0 6.2 SOUTH OF MARIANA ISLANDS                
event name:     201008140730A  
time shift:      1.6700
half duration:   2.8000
latitude:       12.2700
longitude:     141.3800
depth:          12.0000
Mrr:      -1.730000e+25
Mtt:       1.100000e+25
Mpp:       6.230000e+24
Mrt:       1.180000e+24
Mrp:       5.450000e+24
Mtp:       8.270000e+24
