PDE 2013  4  6  4 42 35.90  -3.5200  138.4800  66.0 6.6 7.0 IRIAN JAYA, INDONESIA                   
event name:     201304060442A  
time shift:      5.8900
half duration:   7.5000
latitude:       -3.3300
longitude:     138.4900
depth:          73.6200
Mrr:      -2.300000e+26
Mtt:      -1.480000e+26
Mpp:       3.780000e+26
Mrt:       1.140000e+26
Mrp:      -1.770000e+25
Mtp:       1.030000e+26
