PDE 2014  1 20  2 52 44.30 -40.6600  175.8100  28.0 0.0 6.1 NORTH ISLAND, NEW ZEALAN                
event name:     201401200252A  
time shift:      5.8700
half duration:   3.4000
latitude:      -40.6700
longitude:     175.8000
depth:          24.4800
Mrr:      -1.540000e+25
Mtt:       8.970000e+24
Mpp:       6.420000e+24
Mrt:       1.330000e+25
Mrp:       2.750000e+25
Mtp:       7.870000e+24
