PDE 2012  4 21  1 25 13.20  -1.6300  134.2000  17.4 5.6 6.0 IRIAN JAYA REGION, INDON                
event name:     201204210125A  
time shift:      2.0500
half duration:   2.5000
latitude:       -1.6200
longitude:     134.2700
depth:          12.0000
Mrr:      -2.980000e+24
Mtt:      -3.840000e+24
Mpp:       6.820000e+24
Mrt:      -3.530000e+24
Mrp:       3.660000e+24
Mtp:       1.110000e+25
