PDE 2009  8 17  0  5 49.00  23.5000  123.5000  20.0 6.2 6.7 SOUTHWESTERN RYUKYU ISL.                
event name:     200908170005A  
time shift:      4.1100
half duration:   5.2000
latitude:       23.2900
longitude:     123.5700
depth:          24.3400
Mrr:      -4.410000e+24
Mtt:       1.170000e+26
Mpp:      -1.130000e+26
Mrt:       3.520000e+25
Mrp:       8.400000e+24
Mtp:       6.630000e+24
