PDE 2012  5 26 21 48 10.10  26.9100  140.0500 487.4 5.5 6.0 BONIN ISLANDS, JAPAN REG                
event name:     201205262148A  
time shift:      1.7400
half duration:   2.3000
latitude:       26.8700
longitude:     140.1700
depth:         472.1300
Mrr:      -7.430000e+24
Mtt:       3.380000e+24
Mpp:       4.060000e+24
Mrt:      -3.260000e+24
Mrp:      -3.530000e+24
Mtp:      -7.340000e+24
