 PDEW2014  4  5 10 24 45.80  38.7900   17.2600  65.7 0.0 4.8 SOUTHERN ITALY                          
event name:     201404051024A  
time shift:      1.0300
half duration:   0.6000
latitude:       38.7100
longitude:      17.1100
depth:          47.2700
Mrr:       1.840000e+22
Mtt:      -1.520000e+22
Mpp:      -3.190000e+21
Mrt:       3.390000e+22
Mrp:      -1.240000e+23
Mtp:      -1.580000e+23

