PDE 2010  9 17 19 21 15.00  36.4400   70.7700 220.1 5.9 6.3 HINDU KUSH REGION, AFGHA                
event name:     201009171921A  
time shift:      3.6400
half duration:   3.2000
latitude:       36.4400
longitude:      70.7900
depth:         207.7200
Mrr:       2.550000e+25
Mtt:      -2.080000e+25
Mpp:      -4.680000e+24
Mrt:       8.640000e+24
Mrp:       1.390000e+25
Mtp:      -8.120000e+24
