PDE 2015  5  7  7 10 19.60  -7.2200  154.5600  10.0 0.0 7.1 SOLOMON ISLANDS                         
event name:     201505070710A  
time shift:     14.0300
half duration:   7.6000
latitude:       -7.3600
longitude:     154.4900
depth:          12.0000
Mrr:      -3.360000e+26
Mtt:       2.600000e+26
Mpp:       7.620000e+25
Mrt:      -2.580000e+25
Mrp:       8.080000e+25
Mtp:      -1.990000e+26
