PDE 2015  1 28  2 43 19.40 -20.9700 -178.3000 484.1 0.0 6.2 FIJI ISLANDS REGION                     
event name:     201501280243A  
time shift:      4.0600
half duration:   3.0000
latitude:      -20.9700
longitude:    -178.2300
depth:         487.5200
Mrr:      -1.510000e+25
Mtt:      -1.500000e+24
Mpp:       1.660000e+25
Mrt:      -1.320000e+25
Mrp:      -7.680000e+24
Mtp:      -6.170000e+24
