PDE 2008  7 28 21 40 47.40 -10.5800  163.1000  10.0 5.9 6.0 SOLOMON ISLANDS                         
event name:     200807282140A  
time shift:      1.7800
half duration:   2.3000
latitude:      -10.5000
longitude:     163.4300
depth:          17.0800
Mrr:      -2.230000e+24
Mtt:       8.860000e+24
Mpp:      -6.630000e+24
Mrt:       2.400000e+23
Mrp:      -2.790000e+24
Mtp:       6.870000e+24
