PDE 2012  4 12  7  6  0.60  28.8400 -113.0300   9.0 5.3 6.0 BAJA CALIFORNIA, MEXICO                 
event name:     201204120706A  
time shift:      5.1700
half duration:   2.7000
latitude:       28.9000
longitude:    -113.0900
depth:          15.8900
Mrr:      -2.810000e+24
Mtt:      -1.300000e+25
Mpp:       1.580000e+25
Mrt:      -4.710000e+24
Mrp:      -6.550000e+24
Mtp:      -4.450000e+23
