PDE 2010 10 21 17 53 13.10  24.6900 -109.1600  10.0 6.2 6.8 GULF OF CALIFORNIA                      
event name:     201010211753A  
time shift:      6.8200
half duration:   5.3000
latitude:       24.8300
longitude:    -109.2900
depth:          14.1700
Mrr:       4.430000e+24
Mtt:      -1.320000e+26
Mpp:       1.270000e+26
Mrt:      -1.120000e+25
Mrp:       5.480000e+24
Mtp:      -2.000000e+25
