PDE 2008 11 22 16  1 39.40 -22.5200  171.2000  57.3 5.7 6.4 SOUTHEAST OF LOYALTY ISL                
event name:     200811221601A  
time shift:      3.6500
half duration:   3.9000
latitude:      -22.5200
longitude:     171.1100
depth:          47.1300
Mrr:      -1.540000e+25
Mtt:       1.490000e+25
Mpp:       5.150000e+23
Mrt:       4.730000e+25
Mrp:       5.150000e+24
Mtp:       8.180000e+24
