PDE 2014  5 21 16 21 54.40  18.2000   88.0300  47.5 0.0 6.0 BAY OF BENGAL                           
event name:     201405211621A  
time shift:      2.2800
half duration:   2.7000
latitude:       18.1000
longitude:      88.0900
depth:          57.6200
Mrr:       1.760000e+22
Mtt:      -1.600000e+25
Mpp:       1.600000e+25
Mrt:       1.250000e+24
Mrp:       1.830000e+24
Mtp:       4.160000e+24
