PDE 2013  9  6 11 33 53.90  20.1900  122.3100 178.1 0.0 6.0 PHILIPPINE ISLANDS REGIO                
event name:     201309061133A  
time shift:      2.1700
half duration:   2.4000
latitude:       20.2400
longitude:     122.3100
depth:         187.6800
Mrr:      -7.590000e+24
Mtt:       3.460000e+24
Mpp:       4.120000e+24
Mrt:      -5.180000e+24
Mrp:       2.420000e+24
Mtp:       7.170000e+24
