PDE 2012  1 15 14 21 31.40 -60.8800  -55.9700  10.0 6.2 6.0 SOUTH SHETLAND ISLANDS                  
event name:     201201151421A  
time shift:      6.1400
half duration:   2.3000
latitude:      -60.7300
longitude:     -56.2200
depth:          17.7300
Mrr:      -2.380000e+23
Mtt:       9.210000e+24
Mpp:      -8.980000e+24
Mrt:      -2.280000e+24
Mrp:       5.820000e+24
Mtp:       1.620000e+24
