 PDEW2007  4 10 22  0 34.20  38.0100   30.9200   5.8 4.6 4.9 TURKEY                                  
event name:     200704102200A  
time shift:      7.7300
half duration:   0.8000
latitude:       37.9600
longitude:      30.8700
depth:          14.6100
Mrr:      -4.350000e+23
Mtt:      -6.950000e+22
Mpp:       5.040000e+23
Mrt:      -2.010000e+23
Mrp:       6.940000e+21
Mtp:       2.690000e+22

