PDE 2009  3 19 18 17 40.90 -23.0500 -174.6600  34.0 7.0 7.6 TONGA ISLANDS REGION                    
event name:     200903191817A  
time shift:     12.3200
half duration:  15.8000
latitude:      -23.0800
longitude:    -174.2300
depth:          49.0600
Mrr:       3.280000e+27
Mtt:      -1.960000e+26
Mpp:      -3.090000e+27
Mrt:      -2.450000e+26
Mrp:       1.900000e+26
Mtp:      -1.150000e+27
