PDE 2011  6 24  3  9 39.50  52.0700 -171.8400  52.0 6.9 7.3 FOX ISLANDS, ALEUTIAN IS                
event name:     201106240309A  
time shift:     11.9600
half duration:  10.3000
latitude:       52.0900
longitude:    -171.7700
depth:          74.2100
Mrr:      -2.700000e+25
Mtt:       1.710000e+26
Mpp:      -1.440000e+26
Mrt:       9.220000e+26
Mrp:       1.110000e+26
Mtp:       1.840000e+26
