PDE 2014 11  2 17 17  2.80 -61.5600  153.7300  10.0 0.0 5.2 BALLENY ISLANDS REGION                  
event name:     201411021717A  
time shift:      9.8400
half duration:   2.5000
latitude:      -61.0300
longitude:     153.8800
depth:          18.9000
Mrr:      -1.290000e+24
Mtt:       1.080000e+25
Mpp:      -9.540000e+24
Mrt:       2.310000e+24
Mrp:       2.640000e+24
Mtp:      -8.350000e+24
