 PDEW2013  7  3 13 28 24.70  40.1500   21.8300  18.5 5.2 4.8 GREECE                                  
event name:     201307031328A  
time shift:     -0.7600
half duration:   0.7000
latitude:       39.9800
longitude:      21.7900
depth:          19.4100
Mrr:      -2.720000e+23
Mtt:       2.010000e+23
Mpp:       7.100000e+22
Mrt:      -4.460000e+22
Mrp:      -1.300000e+23
Mtp:       1.650000e+23

