PDE 2011  8 24 23  6 17.10 -18.1600  167.7300  13.0 5.7 6.2 VANUATU ISLANDS                         
event name:     201108242306A  
time shift:      6.5100
half duration:   2.8000
latitude:      -18.2000
longitude:     167.6500
depth:          13.9700
Mrr:       1.310000e+25
Mtt:      -1.140000e+24
Mpp:      -1.200000e+25
Mrt:       8.710000e+24
Mrp:      -8.700000e+24
Mtp:       7.230000e+24
