PDE 2013  3 24  4 18 34.00  50.7300  160.1600   8.0 6.1 6.1 EAST OF KURIL ISLANDS                   
event name:     201303240418A  
time shift:      4.3200
half duration:   2.5000
latitude:       50.6800
longitude:     160.3600
depth:          12.0000
Mrr:      -1.170000e+25
Mtt:       6.670001e+24
Mpp:       5.060000e+24
Mrt:       3.540000e+24
Mrp:       4.430000e+24
Mtp:       7.080000e+24
