PDE 2014  9 10  2 46  6.40  -0.2400  125.1000  35.0 0.0 6.2 SOUTHERN MOLUCCA SEA                    
event name:     201409100246A  
time shift:      5.3000
half duration:   3.3000
latitude:       -0.3600
longitude:     125.0600
depth:          29.1800
Mrr:       2.410000e+25
Mtt:      -1.570000e+25
Mpp:      -8.420000e+24
Mrt:       6.340000e+24
Mrp:       1.980000e+25
Mtp:      -1.280000e+25
