PDE 2011  5 19 20 15 22.90  39.1500   29.1000   7.0 5.8 5.9 TURKEY                                  
event name:     201105192015A  
time shift:      2.5300
half duration:   2.2000
latitude:       39.0800
longitude:      29.1100
depth:          12.1300
Mrr:      -8.070000e+24
Mtt:       8.920000e+24
Mpp:      -8.500000e+23
Mrt:       2.810000e+23
Mrp:      -5.310000e+23
Mtp:      -2.170000e+24
