PDE 2010  1 10  0 27 39.30  40.6500 -124.6900  29.3 6.5 6.5 NEAR COAST OF NORTHERN C                
event name:     201001100027A  
time shift:      7.4900
half duration:   4.4000
latitude:       40.5300
longitude:    -124.8100
depth:          18.9700
Mrr:      -3.320000e+24
Mtt:      -6.940000e+25
Mpp:       7.270000e+25
Mrt:       3.710000e+24
Mrp:      -6.060000e+24
Mtp:       2.080000e+25
