PDE 2008  5 20 13 53 35.60  51.1600  178.7600  27.0 5.8 6.3 RAT ISLANDS, ALEUTIAN IS                
event name:     200805201353A  
time shift:      5.2500
half duration:   3.4000
latitude:       51.1100
longitude:     178.5300
depth:          17.5600
Mrr:       1.970000e+25
Mtt:      -2.160000e+25
Mpp:       1.860000e+24
Mrt:       2.210000e+25
Mrp:       1.140000e+25
Mtp:      -3.180000e+24
