PDE 2010  3 15 11  8 29.00 -35.8000  -73.1600  14.0 5.9 6.2 OFF COAST OF CENTRAL CHI                
event name:     201003151108A  
time shift:      5.0900
half duration:   3.0000
latitude:      -35.9600
longitude:     -73.8500
depth:          12.0000
Mrr:       1.150000e+25
Mtt:      -3.200000e+23
Mpp:      -1.120000e+25
Mrt:      -2.450000e+24
Mrp:      -2.110000e+25
Mtp:      -2.860000e+24
