PDE 2011 10 28 18 54 34.00 -14.4400  -75.9700  24.0 6.5 6.9 NEAR COAST OF PERU                      
event name:     201110281854A  
time shift:      9.1100
half duration:   7.3000
latitude:      -14.5200
longitude:     -76.1200
depth:          25.0600
Mrr:       1.550000e+26
Mtt:      -1.850000e+25
Mpp:      -1.370000e+26
Mrt:       5.210000e+25
Mrp:      -2.870000e+26
Mtp:       6.090000e+25
