PDE 2011 12 26  4 48  8.90 -16.2000 -173.8600  90.0 5.8 6.0 TONGA ISLANDS                           
event name:     201112260448A  
time shift:      4.4800
half duration:   2.4000
latitude:      -16.0600
longitude:    -173.6100
depth:          94.5900
Mrr:      -1.310000e+24
Mtt:      -3.380000e+24
Mpp:       4.690000e+24
Mrt:      -9.010000e+24
Mrp:      -6.790000e+24
Mtp:      -5.160000e+24
