PDE 2009 10 24 14 40 43.70  -6.1300  130.3800 130.0 6.7 6.9 BANDA SEA                               
event name:     200910241440A  
time shift:      7.8200
half duration:   7.0000
latitude:       -6.1000
longitude:     130.5700
depth:         154.5600
Mrr:       5.260000e+25
Mtt:      -2.100000e+26
Mpp:       1.580000e+26
Mrt:       1.080000e+26
Mrp:       2.050000e+26
Mtp:       6.070000e+25
