PDE 2013  3 20 22 29  0.20  55.5000  -34.9500  10.0 5.3 5.5 REYKJANES RIDGE                         
event name:     201303202228A  
time shift:      1.6400
half duration:   1.2000
latitude:       55.7100
longitude:     -35.0200
depth:          12.0000
Mrr:      -1.410000e+24
Mtt:       3.330000e+22
Mpp:       1.380000e+24
Mrt:       3.510000e+23
Mrp:       7.650000e+22
Mtp:       4.390000e+23
