PDE 2011  7 19 19 35 43.50  40.0800   71.4100  20.0 6.1 6.1 TAJIKISTAN                              
event name:     201107191935A  
time shift:      4.9900
half duration:   2.9000
latitude:       40.2800
longitude:      71.3600
depth:          28.8200
Mrr:       1.330000e+25
Mtt:      -1.680000e+25
Mpp:       3.500000e+24
Mrt:      -1.470000e+25
Mrp:       7.370000e+22
Mtp:      -2.900000e+24
