PDE 2012  5  7 14 15 13.20  41.5600   46.7300   4.2 5.6 5.4 EASTERN CAUCASUS                        
event name:     201205071415A  
time shift:      1.7900
half duration:   1.1000
latitude:       41.6300
longitude:      46.7700
depth:          12.0000
Mrr:      -1.220000e+24
Mtt:       1.030000e+24
Mpp:       1.860000e+23
Mrt:       1.680000e+22
Mrp:      -1.810000e+23
Mtp:      -5.330000e+23
