PDE 2011  2 20 21 43 24.10  55.9200  162.1200  33.0 6.1 6.2 NEAR EAST COAST OF KAMCH                
event name:     201102202143A  
time shift:      3.9300
half duration:   3.0000
latitude:       55.8000
longitude:     162.6000
depth:          25.0000
Mrr:      -2.470000e+24
Mtt:       1.820000e+24
Mpp:       6.440000e+23
Mrt:       3.740000e+24
Mrp:       2.300000e+25
Mtp:      -9.020001e+22
