PDE 2012  4 20  1 21  7.50  32.5100   47.0200  10.0 5.1 5.1 IRAN-IRAQ BORDER REGION                 
event name:     201204200121A  
time shift:      1.4400
half duration:   1.0000
latitude:       32.5300
longitude:      46.8300
depth:          12.0000
Mrr:       7.570000e+23
Mtt:      -5.730000e+23
Mpp:      -1.840000e+23
Mrt:       1.710000e+23
Mrp:      -1.480000e+23
Mtp:       3.790000e+23
