PDE 2013 12 28 15 21  5.80  35.9800   31.3400  51.1 0.0 5.8 CYPRUS REGION                           
event name:     201312281521A  
time shift:      2.7600
half duration:   2.3000
latitude:       35.8500
longitude:      30.9800
depth:          54.3000
Mrr:       7.650000e+24
Mtt:      -3.000000e+24
Mpp:      -4.650000e+24
Mrt:       3.820000e+24
Mrp:      -3.880000e+24
Mtp:       6.170000e+24
