PDE 2011  9  1  6 14 38.80 -12.3600  166.6600  39.0 5.7 6.1 SANTA CRUZ ISLANDS                      
event name:     201109010614A  
time shift:      4.2400
half duration:   2.5000
latitude:      -12.5600
longitude:     166.3200
depth:          52.4800
Mrr:       1.260000e+25
Mtt:      -1.950000e+23
Mpp:      -1.240000e+25
Mrt:      -1.180000e+24
Mrp:       4.510000e+24
Mtp:       2.400000e+24
