PDE 2010  6 12 19 26 50.50   7.8800   91.9400  35.0 7.0 7.5 NICOBAR ISLANDS, INDIA R                
event name:     201006121926A  
time shift:      9.8700
half duration:  13.1000
latitude:        7.8500
longitude:      91.6500
depth:          33.1400
Mrr:       7.710000e+26
Mtt:      -1.760000e+27
Mpp:       9.920000e+26
Mrt:       2.290000e+26
Mrp:      -1.000000e+27
Mtp:      -6.330000e+26
