PDE 2011  3  9 21 24  2.70  38.2900  142.8000  22.0 6.0 6.4 NEAR EAST COAST OF HONSH                
event name:     201103092124B  
time shift:      6.3400
half duration:   4.1000
latitude:       38.2700
longitude:     142.8200
depth:          22.6200
Mrr:       3.790000e+25
Mtt:      -2.780000e+24
Mpp:      -3.510000e+25
Mrt:       1.900000e+25
Mrp:       4.420000e+25
Mtp:      -1.040000e+25
