PDE 2010  6 30  7 22 27.70  16.4000  -97.7800  20.0 5.9 6.3 OAXACA, MEXICO                          
event name:     201006300722A  
time shift:      5.1400
half duration:   3.3000
latitude:       16.4700
longitude:     -97.7700
depth:          17.8400
Mrr:       1.220000e+25
Mtt:      -1.020000e+25
Mpp:      -2.020000e+24
Mrt:       2.300000e+25
Mrp:      -1.600000e+25
Mtp:       4.780000e+24
