PDE 2010  7 29  7 31 56.80   6.5300  123.2500 627.4 6.1 6.6 MINDANAO, PHILIPPINES                   
event name:     201007290731A  
time shift:      3.8800
half duration:   4.9000
latitude:        6.6900
longitude:     123.4100
depth:         614.0200
Mrr:      -2.100000e+25
Mtt:       2.310000e+25
Mpp:      -2.010000e+24
Mrt:      -5.580000e+25
Mrp:      -8.270000e+25
Mtp:       1.170000e+25
