 PDEW2015  3 31 15 48 41.40  38.3500   20.3900  13.1 0.0 4.7 GREECE                                  
event name:     201503311548A  
time shift:      3.1200
half duration:   0.7000
latitude:       38.2500
longitude:      20.4000
depth:          22.5700
Mrr:       2.380000e+23
Mtt:      -1.870000e+22
Mpp:      -2.200000e+23
Mrt:       8.640000e+22
Mrp:       3.080000e+22
Mtp:       8.800001e+22
