PDE 2010  7 24  5 35  1.10   6.2200  123.5200 553.0 5.9 6.6 MINDANAO, PHILIPPINES                   
event name:     201007240535A  
time shift:      3.7200
half duration:   4.7000
latitude:        6.2300
longitude:     123.5600
depth:         556.4300
Mrr:      -4.310000e+25
Mtt:       1.940000e+25
Mpp:       2.370000e+25
Mrt:      -7.310001e+24
Mrp:      -7.720000e+25
Mtp:       2.310000e+25
