PDE 2012  2 26  6 17 19.80  51.7100   95.9900  12.0 6.4 6.7 SOUTHWESTERN SIBERIA, RU                
event name:     201202260617A  
time shift:      4.5400
half duration:   5.2000
latitude:       51.6900
longitude:      96.0000
depth:          20.4600
Mrr:       8.360000e+25
Mtt:      -7.010000e+25
Mpp:      -1.350000e+25
Mrt:       1.290000e+25
Mrp:      -2.570000e+25
Mtp:       9.720000e+25
