PDE 2009  9  2  7 55  1.00  -7.7800  107.3000  46.0 6.8 7.0 JAVA, INDONESIA                         
event name:     200909020755A  
time shift:      6.4900
half duration:   7.5000
latitude:       -8.1200
longitude:     107.3300
depth:          53.2300
Mrr:       3.820000e+26
Mtt:      -1.680000e+26
Mpp:      -2.140000e+26
Mrt:       1.430000e+26
Mrp:      -1.280000e+26
Mtp:      -8.250000e+25
