PDE 2008  1 22 17 14 58.00   1.0100   97.4400  20.0 5.9 6.2 NORTHERN SUMATRA, INDONE                
event name:     200801221714A  
time shift:      3.8200
half duration:   3.1000
latitude:        0.8700
longitude:      97.1800
depth:          23.0200
Mrr:       1.380000e+25
Mtt:      -4.320000e+24
Mpp:      -9.470000e+24
Mrt:       1.420000e+25
Mrp:      -1.530000e+25
Mtp:       6.970000e+24
