 PDEW2007  7  4 23 55 32.00  38.8000   15.2000 279.0 4.9 0.0 SICILY, ITALY                           
event name:     200707042355A  
time shift:      5.8500
half duration:   1.0000
latitude:       38.8400
longitude:      15.1400
depth:         271.2300
Mrr:      -5.850000e+23
Mtt:       1.570000e+23
Mpp:       4.280000e+23
Mrt:      -5.560000e+23
Mrp:      -3.520000e+23
Mtp:       1.650000e+23

