 PDEW2013  6 30 14 40  9.60  44.1300   10.1500  10.2 4.9 4.7 NORTHERN ITALY                          
event name:     201306301440A  
time shift:      0.0900
half duration:   0.6000
latitude:       44.0800
longitude:      10.0500
depth:          13.8400
Mrr:      -1.600000e+23
Mtt:       1.680000e+23
Mpp:      -7.620000e+21
Mrt:      -5.560000e+22
Mrp:       4.370000e+22
Mtp:      -2.280000e+22

