PDE 2012  4 16 11 23 40.80  36.5600   21.3700   0.0 5.2 5.8 SOUTHERN GREECE                         
event name:     201204161123A  
time shift:      5.3200
half duration:   2.0000
latitude:       36.4000
longitude:      21.4100
depth:          25.1600
Mrr:       2.050000e+24
Mtt:      -7.480000e+23
Mpp:      -1.300000e+24
Mrt:       5.330000e+24
Mrp:      -3.650000e+24
Mtp:       1.510000e+24
