PDE 2009 12 26  8 57 27.50  -5.5300  131.2100  83.0 6.1 6.1 BANDA SEA                               
event name:     200912260857A  
time shift:      1.3500
half duration:   2.7000
latitude:       -5.3700
longitude:     131.3800
depth:          77.1900
Mrr:       8.410000e+24
Mtt:      -1.670000e+25
Mpp:       8.290001e+24
Mrt:      -2.470000e+23
Mrp:       7.660000e+24
Mtp:       4.340000e+24
