 PDEW2014  9  4 21  0  4.30  36.2100   30.8200  46.0 0.0 5.3 TURKEY                                  
event name:     201409042100A  
time shift:      0.2900
half duration:   1.1000
latitude:       36.3600
longitude:      30.7900
depth:          66.4800
Mrr:      -1.290000e+23
Mtt:       5.730000e+23
Mpp:      -4.440000e+23
Mrt:       2.070000e+23
Mrp:      -6.590000e+23
Mtp:      -7.180001e+23

