PDE 2009  3 16 14 15 56.50   3.8100  126.5500  35.0 6.2 6.3 TALAUD ISLANDS, INDONESI                
event name:     200903161415A  
time shift:      7.5100
half duration:   3.6000
latitude:        3.7700
longitude:     126.6800
depth:          20.5000
Mrr:       2.010000e+25
Mtt:       1.030000e+25
Mpp:      -3.040000e+25
Mrt:       2.980000e+25
Mrp:       1.210000e+25
Mtp:       4.460000e+24
