PDE 2011 10 25 14 55  8.20  38.8000   43.6300  14.0 5.7 5.6 TURKEY                                  
event name:     201110251455A  
time shift:      1.0000
half duration:   1.5000
latitude:       38.6900
longitude:      43.5500
depth:          14.3800
Mrr:       2.620000e+24
Mtt:      -3.540000e+24
Mpp:       9.180000e+23
Mrt:       1.610000e+23
Mrp:       1.020000e+23
Mtp:      -6.870000e+23
