PDE 2012  2 26  5 21 24.60 -24.5000 -177.2400  10.0 5.5 6.0 SOUTH OF FIJI ISLANDS                   
event name:     201202260521A  
time shift:      4.7000
half duration:   2.5000
latitude:      -24.8100
longitude:    -177.1000
depth:          15.5700
Mrr:      -1.400000e+24
Mtt:      -8.810000e+24
Mpp:       1.020000e+25
Mrt:      -1.350000e+24
Mrp:       3.630000e+24
Mtp:       8.380001e+24
