PDE 2012 12 21 22 28  8.60 -14.3400  167.2900 200.7 6.1 6.7 VANUATU ISLANDS                         
event name:     201212212228A  
time shift:      3.7700
half duration:   5.4000
latitude:      -14.3100
longitude:     167.1700
depth:         199.0800
Mrr:       1.300000e+26
Mtt:      -1.140000e+25
Mpp:      -1.190000e+26
Mrt:      -3.490000e+25
Mrp:       9.480000e+24
Mtp:       2.880000e+25
