PDEW2013 11 27  4 13 37.40  40.8500   27.9200   9.6 0.0 4.5 TURKEY                                  
event name:     201311270413A  
time shift:      3.8900
half duration:   0.6000
latitude:       40.8700
longitude:      27.9100
depth:          15.5000
Mrr:      -6.440000e+22
Mtt:       6.920000e+22
Mpp:      -4.750000e+21
Mrt:      -6.850000e+22
Mrp:      -5.290000e+22
Mtp:      -1.360000e+23

