PDE 2008  1 22 10 49 21.80 -15.4200 -175.5900  10.0 5.7 6.1 TONGA ISLANDS                           
event name:     200801221049A  
time shift:      4.9600
half duration:   2.8000
latitude:      -15.2300
longitude:    -175.3100
depth:          13.6500
Mrr:      -1.320000e+24
Mtt:       1.430000e+25
Mpp:      -1.300000e+25
Mrt:       1.430000e+24
Mrp:      -2.230000e+23
Mtp:       1.280000e+25
