PDE 2008  4 24 12 14 49.90  -1.1800  -23.4700  10.0 5.4 6.5 CENTRAL MID-ATLANTIC RID                
event name:     200804241214A  
time shift:     15.1500
half duration:   4.2000
latitude:       -1.1400
longitude:     -23.8700
depth:          15.4000
Mrr:       3.680000e+24
Mtt:       7.600000e+24
Mpp:      -1.130000e+25
Mrt:       1.430000e+25
Mrp:       1.910000e+25
Mtp:      -5.870000e+25
