PDE 2011 11 23 12 17 51.30  34.2800   25.0800  10.0 5.4 5.5 CRETE, GREECE                           
event name:     201111231217A  
time shift:      0.5700
half duration:   1.3000
latitude:       34.1700
longitude:      25.0700
depth:          14.7900
Mrr:      -1.530000e+24
Mtt:       4.940000e+23
Mpp:       1.040000e+24
Mrt:       1.780000e+23
Mrp:      -8.910000e+23
Mtp:       9.750000e+23
