PDE 2009  8 17 10 10 55.70  23.4200  123.5300  10.0 5.9 6.2 SOUTHWESTERN RYUKYU ISL.                
event name:     200908171011A  
time shift:      2.9100
half duration:   2.8000
latitude:       23.3400
longitude:     123.5100
depth:          12.0000
Mrr:      -6.380000e+24
Mtt:       1.820000e+25
Mpp:      -1.180000e+25
Mrt:       1.050000e+25
Mrp:      -5.610000e+24
Mtp:      -1.880000e+23
