PDE 2010  5 25 10  9  5.80  35.3200  -35.9200  10.0 5.5 6.3 NORTHERN MID-ATLANTIC RI                
event name:     201005251009A  
time shift:      7.9200
half duration:   3.4000
latitude:       35.3100
longitude:     -35.8000
depth:          15.5400
Mrr:      -5.470000e+24
Mtt:       1.610000e+25
Mpp:      -1.060000e+25
Mrt:       1.930000e+24
Mrp:       1.010000e+24
Mtp:       3.180000e+25
