PDE 2011  8  7 14 35 34.50  38.4400   21.8300   8.6 5.0 5.0 GREECE                                  
event name:     201108071435A  
time shift:      0.0300
half duration:   0.7000
latitude:       38.2100
longitude:      21.9900
depth:          22.8300
Mrr:      -2.820000e+23
Mtt:       3.280000e+23
Mpp:      -4.650000e+22
Mrt:      -9.990000e+22
Mrp:      -1.400000e+23
Mtp:       4.130000e+22
