PDE 2013  2  1  5 36 41.80 -11.1000  165.5300  15.0 5.5 6.0 SANTA CRUZ ISLANDS                      
event name:     201302010536A  
time shift:      5.3100
half duration:   2.4000
latitude:      -11.3400
longitude:     165.3900
depth:          18.4600
Mrr:       7.310001e+24
Mtt:      -2.380000e+24
Mpp:      -4.930000e+24
Mrt:       6.090000e+24
Mrp:      -7.810000e+24
Mtp:       3.240000e+24
