PDE 2009 10 11  3 12 13.50 -22.0000  170.2500  10.0 5.7 6.0 SOUTHEAST OF LOYALTY ISL                
event name:     200910110312A  
time shift:      7.0300
half duration:   2.3000
latitude:      -22.0500
longitude:     169.9900
depth:          24.4800
Mrr:       6.080000e+23
Mtt:       2.960000e+24
Mpp:      -3.560000e+24
Mrt:       1.040000e+24
Mrp:      -3.040000e+24
Mtp:       1.000000e+25
