PDE 2012  1  9  4  7 14.70 -10.6200  165.1600  28.0 6.6 6.4 SANTA CRUZ ISLANDS                      
event name:     201201090407A  
time shift:      6.2600
half duration:   3.9000
latitude:      -10.5600
longitude:     165.0400
depth:          41.7000
Mrr:       1.870000e+25
Mtt:      -3.920000e+25
Mpp:       2.050000e+25
Mrt:       1.410000e+25
Mrp:      -3.300000e+25
Mtp:      -2.160000e+25
