PDE 2012  7  3 10 36 15.50 -40.0200  173.7600 229.8 5.9 6.3 COOK STRAIT, NEW ZEALAND                
event name:     201207031036A  
time shift:      4.3600
half duration:   3.5000
latitude:      -40.0500
longitude:     173.6300
depth:         230.4100
Mrr:       3.650000e+24
Mtt:       8.810000e+24
Mpp:      -1.250000e+25
Mrt:       2.800000e+25
Mrp:      -2.070000e+25
Mtp:       3.100000e+24
