PDE 2011  3 15 15 23 54.10  40.3300  143.2900  19.8 5.6 6.1 OFF EAST COAST OF HONSHU                
event name:     201103151523A  
time shift:      3.8800
half duration:   2.5000
latitude:       40.3600
longitude:     143.5000
depth:          22.8500
Mrr:       7.660000e+24
Mtt:      -3.250000e+23
Mpp:      -7.330000e+24
Mrt:       4.370000e+24
Mrp:       9.540000e+24
Mtp:      -1.560000e+24
