PDE 2014  3 10 17 33 29.00  -5.4800  147.9600 260.0 0.0 5.9 EASTERN NEW GUINEA REG.,                
event name:     201403101733A  
time shift:      4.8500
half duration:   2.3000
latitude:       -5.5400
longitude:     147.9500
depth:         265.0100
Mrr:       4.980000e+24
Mtt:      -8.930001e+24
Mpp:       3.960000e+24
Mrt:       5.330000e+24
Mrp:      -5.240000e+24
Mtp:      -1.710000e+24
