PDE 2014  9 25 17 51 17.00  61.9400 -151.8200 108.9 0.0 6.2 SOUTHERN ALASKA                         
event name:     201409251751A  
time shift:      5.3900
half duration:   3.4000
latitude:       62.0000
longitude:    -151.7800
depth:         109.1900
Mrr:       3.170000e+24
Mtt:      -3.380000e+25
Mpp:       3.070000e+25
Mrt:      -3.230000e+24
Mrp:       9.760001e+24
Mtp:      -3.370000e+23
