PDE 2011  3 31  0 11 58.30 -16.5400 -177.5200  15.5 5.7 6.4 FIJI ISLANDS REGION                     
event name:     201103310011A  
time shift:      4.3500
half duration:   3.7000
latitude:      -16.5400
longitude:    -177.3400
depth:          14.6200
Mrr:       2.600000e+23
Mtt:      -4.220000e+25
Mpp:       4.200000e+25
Mrt:       8.760000e+23
Mrp:       5.510000e+24
Mtp:       5.910000e+24
