PDE 2010  7 23 22 51 12.40   6.4900  123.4700 585.8 6.9 7.6 MINDANAO, PHILIPPINES                   
event name:     201007232251A  
time shift:      8.3000
half duration:  16.2000
latitude:        6.6200
longitude:     123.9000
depth:         576.9200
Mrr:      -1.550000e+27
Mtt:       4.570000e+26
Mpp:       1.090000e+27
Mrt:       3.960000e+26
Mrp:      -3.270000e+27
Mtp:       8.550000e+26
