PDE 2009 11  5  9 43 20.70 -52.2900  160.7000  10.0 5.5 6.0 MACQUARIE ISLAND REGION                 
event name:     200911050943A  
time shift:      4.3700
half duration:   2.4000
latitude:      -52.2300
longitude:     160.3100
depth:          23.8800
Mrr:       9.460000e+23
Mtt:       9.480001e+24
Mpp:      -1.040000e+25
Mrt:      -2.840000e+24
Mrp:       1.090000e+24
Mtp:       6.200001e+24
