PDE 2008  7 19 22 39 52.70 -17.3400 -177.3100 391.0 5.9 6.4 FIJI ISLANDS REGION                     
event name:     200807192239A  
time shift:      4.0700
half duration:   3.9000
latitude:      -17.2200
longitude:    -177.0500
depth:         395.2800
Mrr:      -3.500000e+25
Mtt:       3.720000e+25
Mpp:      -2.160000e+24
Mrt:      -7.720000e+24
Mrp:       2.020000e+25
Mtp:      -3.190000e+25
