PDE 2013  4 20 13 12 50.50  50.1000  157.1500  18.0 5.8 6.1 KURIL ISLANDS                           
event name:     201304201312A  
time shift:      5.2900
half duration:   2.6000
latitude:       49.9700
longitude:     157.5800
depth:          23.3600
Mrr:       1.300000e+25
Mtt:      -4.220000e+24
Mpp:      -8.750000e+24
Mrt:       4.730000e+24
Mrp:       7.280000e+24
Mtp:      -6.170000e+24
