PDE 2009  6 14  5 58 43.30   5.3600  126.4400  35.0 5.7 6.1 MINDANAO, PHILIPPINES                   
event name:     200906140558A  
time shift:      5.5000
half duration:   2.8000
latitude:        5.3200
longitude:     126.6000
depth:          36.6900
Mrr:       1.350000e+25
Mtt:       4.890000e+24
Mpp:      -1.840000e+25
Mrt:       8.640000e+24
Mrp:       6.380000e+24
Mtp:      -6.510000e+23
