PDE 2008 10 22 12 55 57.40 -18.4100 -175.3500 233.4 5.9 6.4 TONGA ISLANDS                           
event name:     200810221255A  
time shift:      5.8200
half duration:   3.7000
latitude:      -18.4000
longitude:    -174.9800
depth:         244.0000
Mrr:      -1.770000e+25
Mtt:       1.070000e+25
Mpp:       7.000000e+24
Mrt:      -1.700000e+25
Mrp:      -3.510000e+25
Mtp:       1.280000e+25
