PDE 2008  2 20  8  8 30.50   2.7700   95.9600  26.0 6.5 7.5 OFF W COAST OF NORTHERN                 
event name:     200802200808A  
time shift:     14.8700
half duration:  12.6000
latitude:        2.6900
longitude:      95.9800
depth:          14.9500
Mrr:       4.280000e+26
Mtt:      -2.920000e+26
Mpp:      -1.360000e+26
Mrt:       7.900000e+26
Mrp:      -6.640000e+26
Mtp:       2.050000e+26
