PDE 2010  3  8  2 32 34.70  38.8700   39.9900  12.0 5.9 6.1 TURKEY                                  
event name:     201003080232A  
time shift:      2.6800
half duration:   2.6000
latitude:       38.8200
longitude:      40.0400
depth:          15.1000
Mrr:       8.640000e+23
Mtt:      -1.420000e+25
Mpp:       1.330000e+25
Mrt:       6.340000e+24
Mrp:       1.650000e+24
Mtp:       1.840000e+24
