PDE 2008 12 19  8 31 51.00  47.0000  -27.2900   2.0 5.8 5.9 NORTHERN MID-ATLANTIC RI                
event name:     200812190831A  
time shift:      4.5100
half duration:   2.1000
latitude:       46.9200
longitude:     -27.1300
depth:          12.0000
Mrr:      -7.440000e+24
Mtt:      -1.770000e+23
Mpp:       7.610000e+24
Mrt:       4.750000e+23
Mrp:      -1.610000e+22
Mtp:       7.340000e+23
