PDE 2013  5 11  2  8  8.50  26.5600   57.7700  15.0 5.9 6.2 SOUTHERN IRAN                           
event name:     201305110208A  
time shift:      3.5800
half duration:   3.0000
latitude:       26.5500
longitude:      57.7300
depth:          12.0000
Mrr:      -1.400000e+24
Mtt:      -9.740000e+24
Mpp:       1.110000e+25
Mrt:       6.010000e+24
Mrp:       1.420000e+24
Mtp:       1.860000e+25
