PDE 2012  2 14  1 34 38.70  40.1300   24.0900  24.0 5.3 5.2 AEGEAN SEA                              
event name:     201202140134A  
time shift:      1.3900
half duration:   1.0000
latitude:       40.0600
longitude:      24.0600
depth:          12.0000
Mrr:      -6.260000e+23
Mtt:       6.650000e+23
Mpp:      -3.910000e+22
Mrt:      -2.810000e+21
Mrp:      -1.000000e+23
Mtp:      -4.000000e+23
