 PDEW2014  4  7 19 27  0.30  44.6000    6.7100   8.1 0.0 4.8 FRANCE                                  
event name:     201404071927A  
time shift:      1.5300
half duration:   0.7000
latitude:       44.4200
longitude:       6.7100
depth:          12.3500
Mrr:      -2.420000e+23
Mtt:      -7.630000e+22
Mpp:       3.180000e+23
Mrt:      -1.390000e+23
Mrp:       3.150000e+22
Mtp:       7.760000e+22

