PDE 2014  6 23 19 19 15.90 -29.9800 -177.7300  20.0 0.0 6.9 KERMADEC ISLANDS, NEW ZE                
event name:     201406231919A  
time shift:      9.4400
half duration:   6.7000
latitude:      -30.0300
longitude:    -177.1300
depth:          26.3800
Mrr:       1.910000e+26
Mtt:      -8.510000e+24
Mpp:      -1.830000e+26
Mrt:       4.330000e+25
Mrp:       1.720000e+26
Mtp:      -5.170000e+25
