PDE 2011  9  3 22 55 40.90 -20.6700  169.7200 185.1 6.4 7.0 VANUATU ISLANDS                         
event name:     201109032255A  
time shift:      4.6200
half duration:   8.0000
latitude:      -20.7900
longitude:     169.7200
depth:         151.6200
Mrr:       1.210000e+26
Mtt:       1.080000e+26
Mpp:      -2.290000e+26
Mrt:       3.030000e+26
Mrp:      -2.080000e+26
Mtp:       1.340000e+26
