PDE 2009 10 29 17 44 31.20  36.3900   70.7200 202.2 5.9 6.2 HINDU KUSH REGION, AFGHA                
event name:     200910291744A  
time shift:      4.3300
half duration:   3.2000
latitude:       36.3900
longitude:      70.6600
depth:         219.3900
Mrr:       2.100000e+25
Mtt:      -1.850000e+25
Mpp:      -2.540000e+24
Mrt:       1.560000e+25
Mrp:      -1.030000e+25
Mtp:       6.810000e+24
