PDE 2011  7 30 18 53 49.70  36.9400  140.9600  30.0 6.4 6.5 NEAR EAST COAST OF HONSH                
event name:     201107301853A  
time shift:      5.4300
half duration:   3.7000
latitude:       37.0000
longitude:     141.1600
depth:          52.6600
Mrr:       3.860000e+25
Mtt:       9.470000e+23
Mpp:      -3.950000e+25
Mrt:       8.370000e+24
Mrp:      -1.410000e+25
Mtp:      -1.220000e+25
