PDE 2010  5 19  4 15 44.00  -5.0800  -77.5400 139.3 6.0 6.0 NORTHERN PERU                           
event name:     201005190415A  
time shift:      1.7200
half duration:   2.5000
latitude:       -5.1300
longitude:     -77.5500
depth:         132.1700
Mrr:      -1.200000e+25
Mtt:       1.130000e+24
Mpp:       1.080000e+25
Mrt:      -1.520000e+24
Mrp:       2.690000e+24
Mtp:      -6.130000e+24
