PDE 2015  5 22 21 45 18.70 -11.0500  163.6900  11.2 0.0 6.9 SOLOMON ISLANDS                         
event name:     201505222145A  
time shift:      7.8500
half duration:   7.3000
latitude:      -10.9000
longitude:     163.5400
depth:          15.3100
Mrr:       1.810000e+25
Mtt:      -1.530000e+26
Mpp:       1.350000e+26
Mrt:       1.160000e+26
Mrp:      -1.560000e+26
Mtp:       2.400000e+26
