PDE 2011 10 23 10 41 22.90  38.7200   43.5100  16.0 6.9 7.3 TURKEY                                  
event name:     201110231041A  
time shift:      5.4600
half duration:   9.0000
latitude:       38.6400
longitude:      43.4000
depth:          12.0400
Mrr:       5.270000e+26
Mtt:      -5.860000e+26
Mpp:       5.910000e+25
Mrt:       2.130000e+26
Mrp:      -1.780000e+26
Mtp:      -6.120000e+25
