PDE 2015  4 20 12  0  0.10  24.0500  122.4500  29.0 0.0 6.1 TAIWAN REGION                           
event name:     201504201200A  
time shift:      2.6800
half duration:   2.5000
latitude:       23.8400
longitude:     122.4400
depth:          35.1400
Mrr:       1.050000e+25
Mtt:      -1.140000e+25
Mpp:       9.450000e+23
Mrt:       8.270000e+24
Mrp:       1.870000e+24
Mtp:       1.220000e+24
