PDE 2009 12 10  2 30 52.70  53.4200  152.7600 656.2 6.1 6.3 SEA OF OKHOTSK                          
event name:     200912100230A  
time shift:      2.2000
half duration:   3.4000
latitude:       53.4400
longitude:     152.7700
depth:         655.7300
Mrr:      -1.780000e+25
Mtt:      -1.070000e+25
Mpp:       2.850000e+25
Mrt:      -1.340000e+25
Mrp:      -1.510000e+25
Mtp:      -6.080000e+24
