PDE 2011  8 30  6 57 41.60  -6.3600  126.7600 469.6 6.0 6.9 BANDA SEA                               
event name:     201108300657A  
time shift:      6.1200
half duration:   6.7000
latitude:       -6.4700
longitude:     126.6800
depth:         468.7000
Mrr:      -9.409999e+25
Mtt:       3.250000e+25
Mpp:       6.160000e+25
Mrt:       7.130000e+25
Mrp:       2.440000e+26
Mtp:      -9.310000e+24
