 PDEW2008  6  6 20  2 56.90  35.8800   -0.6600   4.0 5.5 5.5 NORTHERN ALGERIA                        
event name:     200806062002A  
time shift:      4.1000
half duration:   1.4000
latitude:       35.9300
longitude:      -0.4800
depth:          12.0000
Mrr:       2.060000e+24
Mtt:      -1.180000e+24
Mpp:      -8.770000e+23
Mrt:      -6.570001e+23
Mrp:      -2.910000e+23
Mtp:      -1.040000e+24

