PDE 2015  4 24  3 36 42.40 -42.0600  173.0100  48.0 0.0 6.1 SOUTH ISLAND, NEW ZEALAN                
event name:     201504240336A  
time shift:      4.6000
half duration:   2.4000
latitude:      -42.0200
longitude:     173.0700
depth:          48.1800
Mrr:      -1.780000e+24
Mtt:       7.360000e+24
Mpp:      -5.580000e+24
Mrt:       5.690000e+24
Mrp:       7.440000e+24
Mtp:       4.990000e+24
