PDE 2011  8 31 12 17 27.00  43.5900  -28.9000  10.0 5.4 5.6 NORTHERN MID-ATLANTIC RI                
event name:     201108311217A  
time shift:      2.2700
half duration:   1.5000
latitude:       43.6000
longitude:     -28.8500
depth:          12.0000
Mrr:      -2.770000e+24
Mtt:       5.780000e+23
Mpp:       2.190000e+24
Mrt:       2.840000e+23
Mrp:      -2.960000e+23
Mtp:       1.320000e+24
