PDE 2014  9  3 20 33 59.30 -26.6400 -114.7400  10.0 0.0 5.9 EASTER ISLAND REGION                    
event name:     201409032034A  
time shift:      5.6600
half duration:   2.4000
latitude:      -26.8300
longitude:    -114.6700
depth:          12.0000
Mrr:      -8.590000e+24
Mtt:       6.420000e+24
Mpp:       2.180000e+24
Mrt:       9.660000e+23
Mrp:      -2.740000e+24
Mtp:      -8.430000e+24
