PDE 2014 10  9  2 32  8.10 -32.1900 -110.8700  10.0 0.0 6.0 SOUTHERN EAST PACIFIC RI                
event name:     201410090232A  
time shift:      5.6000
half duration:   4.7000
latitude:      -32.4100
longitude:    -111.0800
depth:          16.4700
Mrr:       6.780000e+24
Mtt:      -8.720000e+25
Mpp:       8.049999e+25
Mrt:      -1.940000e+25
Mrp:       5.560000e+24
Mtp:      -8.590000e+24
