PDE 2009 10 27  0  4 46.20 -59.9600  -65.1600  10.0 6.0 6.0 DRAKE PASSAGE                           
event name:     200910270004A  
time shift:      4.5200
half duration:   2.4000
latitude:      -60.0500
longitude:     -65.5400
depth:          14.9600
Mrr:      -3.660000e+23
Mtt:       4.650000e+24
Mpp:      -4.280000e+24
Mrt:      -8.910000e+23
Mrp:      -2.180000e+23
Mtp:       1.160000e+25
