PDE 2013  3 25 23  2 12.80  14.4900  -90.4600 189.0 6.2 6.2 GUATEMALA                               
event name:     201303252302A  
time shift:      2.6500
half duration:   3.1000
latitude:       14.6200
longitude:     -90.7100
depth:         186.3800
Mrr:       7.340000e+24
Mtt:      -1.460000e+25
Mpp:       7.290000e+24
Mrt:       1.540000e+25
Mrp:      -1.780000e+25
Mtp:      -3.470000e+23
