PDE 2012 12  2  0 54 22.70 -16.9800  167.6500  32.0 6.1 6.2 VANUATU ISLANDS                         
event name:     201212020054A  
time shift:      4.8000
half duration:   2.8000
latitude:      -17.1200
longitude:     167.4500
depth:          40.0300
Mrr:       1.700000e+25
Mtt:      -9.100000e+24
Mpp:      -7.850000e+24
Mrt:       1.880000e+24
Mrp:      -3.610000e+24
Mtp:       1.070000e+25
