PDE 2011  6  5 11 51 12.00 -55.8400  146.6200   3.0 5.9 6.4 WEST OF MACQUARIE ISLAND                
event name:     201106051151A  
time shift:      6.3000
half duration:   4.0000
latitude:      -56.0000
longitude:     146.9100
depth:          12.0000
Mrr:      -1.920000e+24
Mtt:       2.270000e+25
Mpp:      -2.080000e+25
Mrt:       3.710000e+24
Mrp:      -9.390000e+23
Mtp:      -5.140000e+25
