PDE 2013 10 11 21 25  0.00 -30.6600 -178.4800 151.0 0.0 6.2 KERMADEC ISLANDS, NEW ZE                
event name:     201310112124A  
time shift:      5.7100
half duration:   3.1000
latitude:      -30.5700
longitude:    -178.4300
depth:         155.5000
Mrr:       2.050000e+25
Mtt:       7.770000e+23
Mpp:      -2.130000e+25
Mrt:      -3.420000e+24
Mrp:       1.410000e+25
Mtp:      -2.280000e+22
