 PDEW2008  4 25  4 48 54.00  37.8200   29.2600   5.0 4.5 4.8 TURKEY                                  
event name:     200804250449A  
time shift:      3.5100
half duration:   0.7000
latitude:       37.8400
longitude:      28.9400
depth:          12.1600
Mrr:      -1.680000e+23
Mtt:       1.670000e+23
Mpp:       9.620000e+20
Mrt:      -5.460000e+21
Mrp:       3.030000e+23
Mtp:      -9.620000e+22

