PDE 2014 10 14  3 51 36.00  12.5800  -88.0500  40.0 0.0 7.3 OFF COAST OF CENTRAL AME                
event name:     201410140351A  
time shift:      5.8300
half duration:  10.8000
latitude:       12.2400
longitude:     -88.4900
depth:          42.0000
Mrr:      -7.160000e+26
Mtt:       4.770000e+26
Mpp:       2.390000e+26
Mrt:       6.170000e+26
Mrp:      -5.020000e+26
Mtp:      -4.080000e+26
