PDE 2014  8  6 11 45 22.70  -7.2700  128.0400  10.0 0.0 6.2 BANDA SEA                               
event name:     201408061145A  
time shift:      6.0200
half duration:   3.0000
latitude:       -7.1300
longitude:     127.9200
depth:          19.5500
Mrr:       3.670000e+24
Mtt:      -2.440000e+25
Mpp:       2.070000e+25
Mrt:      -6.820000e+24
Mrp:       1.640000e+24
Mtp:       5.410000e+24
