PDE 2012  6  2  7 52 54.00 -22.0600  -63.5600 527.0 5.8 6.0 SALTA PROVINCE, ARGENTIN                
event name:     201206020752A  
time shift:      2.0100
half duration:   2.4000
latitude:      -22.0800
longitude:     -63.5900
depth:         549.4600
Mrr:      -1.060000e+25
Mtt:      -1.420000e+23
Mpp:       1.070000e+25
Mrt:      -7.560001e+23
Mrp:       4.670000e+24
Mtp:       1.020000e+24
