PDE 2014  6 14 11 10 59.80 -10.1200   91.0900   4.0 0.0 6.5 SOUTH INDIAN OCEAN                      
event name:     201406141111A  
time shift:      5.0300
half duration:   4.2000
latitude:      -10.0200
longitude:      91.0600
depth:          13.3700
Mrr:       3.390000e+25
Mtt:      -2.790000e+25
Mpp:      -6.040000e+24
Mrt:      -2.560000e+25
Mrp:       4.060000e+24
Mtp:      -5.080000e+25
