PDE 2015  2 13 20  6 32.30  22.6400  121.4200  29.7 0.0 6.2 TAIWAN REGION                           
event name:     201502132006A  
time shift:      3.4900
half duration:   3.2000
latitude:       22.6500
longitude:     121.3900
depth:          29.7500
Mrr:       2.220000e+25
Mtt:       4.490000e+24
Mpp:      -2.670000e+25
Mrt:      -1.030000e+25
Mrp:       9.450000e+23
Mtp:      -1.220000e+25
