PDE 2014  3 23 18 20  1.90 -19.6900  -70.8500  21.0 0.0 6.3 NEAR COAST OF NORTHERN C                
event name:     201403231819A  
time shift:      6.8400
half duration:   3.2000
latitude:      -19.7000
longitude:     -71.0500
depth:          21.7200
Mrr:       1.850000e+25
Mtt:      -4.200000e+22
Mpp:      -1.850000e+25
Mrt:       7.890000e+24
Mrp:      -2.000000e+25
Mtp:       5.430000e+24
