PDE 2009  1  3 20 23 20.20  36.4200   70.7400 204.8 5.8 0.0 HINDU KUSH REGION, AFGHA                
event name:     200901032023A  
time shift:      3.4100
half duration:   4.7000
latitude:       36.4400
longitude:      70.3600
depth:         205.6300
Mrr:       7.870000e+25
Mtt:      -7.150000e+25
Mpp:      -7.230000e+24
Mrt:       5.070000e+25
Mrp:      -1.470000e+25
Mtp:       1.000000e+24
