PDE 2010  8 24  2 11 59.10  18.8000 -107.1900  10.0 5.5 6.1 OFF COAST OF JALISCO, ME                
event name:     201008240212A  
time shift:      8.6100
half duration:   3.0000
latitude:       18.8400
longitude:    -107.4200
depth:          24.3500
Mrr:      -9.310000e+22
Mtt:      -1.440000e+25
Mpp:       1.450000e+25
Mrt:      -2.070000e+24
Mrp:       2.680000e+24
Mtp:      -1.810000e+25
