PDE 2008  2 12 12 50 18.50  16.3600  -94.3000  83.0 6.0 6.4 OAXACA, MEXICO                          
event name:     200802121250A  
time shift:      2.2300
half duration:   4.2000
latitude:       16.3500
longitude:     -94.5100
depth:          87.0900
Mrr:      -4.470000e+25
Mtt:      -2.180000e+24
Mpp:       4.690000e+25
Mrt:       2.730000e+25
Mrp:      -1.810000e+25
Mtp:      -2.840000e+25
