PDE 2013 11 22 18 30 59.10  34.3500   45.6600  14.0 0.0 5.6 IRAN-IRAQ BORDER REGION                 
event name:     201311221830A  
time shift:      5.2800
half duration:   1.8000
latitude:       34.3200
longitude:      45.4000
depth:          12.0000
Mrr:       3.070000e+24
Mtt:      -1.570000e+23
Mpp:      -2.910000e+24
Mrt:       3.050000e+24
Mrp:      -2.560000e+24
Mtp:       1.950000e+24
