PDE 2012  6  5 19 31 33.80  34.9400  141.1300  15.0 6.2 6.1 OFF EAST COAST OF HONSHU                
event name:     201206051931A  
time shift:      4.2200
half duration:   2.8000
latitude:       34.9600
longitude:     141.2100
depth:          15.4100
Mrr:       3.390000e+24
Mtt:      -1.990000e+25
Mpp:       1.650000e+25
Mrt:       3.720000e+24
Mrp:      -4.770000e+24
Mtp:      -5.300000e+23
