PDE 2011  5 28  5 47 17.00  39.1200   29.0500   9.2 4.9 5.0 TURKEY                                  
event name:     201105280547A  
time shift:      2.3300
half duration:   0.8000
latitude:       39.0900
longitude:      29.0400
depth:          14.1200
Mrr:      -4.360000e+23
Mtt:       3.680000e+23
Mpp:       6.780000e+22
Mrt:      -1.070000e+23
Mrp:      -1.060000e+23
Mtp:      -2.030000e+23
