PDE 2014  3 16 21 16 29.60 -19.9800  -70.7000  20.0 0.0 6.7 NEAR COAST OF NORTHERN C                
event name:     201403162116A  
time shift:      8.2100
half duration:   5.3000
latitude:      -19.9400
longitude:     -70.9200
depth:          12.0000
Mrr:       9.299999e+25
Mtt:      -6.800000e+25
Mpp:      -2.500000e+25
Mrt:       3.520000e+25
Mrp:      -8.750000e+25
Mtp:       2.950000e+25
