PDE 2008  6 30  6 17 44.90 -58.2200  -22.1000  19.0 6.1 7.0 SOUTH SANDWICH ISLANDS R                
event name:     200806300617A  
time shift:      6.7100
half duration:   7.4000
latitude:      -58.3300
longitude:     -21.7700
depth:          26.0100
Mrr:       6.090000e+24
Mtt:      -3.310000e+26
Mpp:       3.250000e+26
Mrt:      -3.930000e+25
Mrp:      -2.010000e+25
Mtp:       9.280000e+25
