PDE 2015  8  6 23 59 45.40 -26.4800 -178.3000 264.3 0.0 5.9 SOUTH OF FIJI ISLANDS                   
event name:     201508062359A  
time shift:      2.2600
half duration:   2.5000
latitude:      -26.4900
longitude:    -178.1100
depth:         270.9100
Mrr:      -7.030000e+24
Mtt:      -6.280000e+24
Mpp:       1.330000e+25
Mrt:      -7.720000e+24
Mrp:      -5.760000e+23
Mtp:       8.930001e+23
