PDE 2013  5 21  1 55  8.40  52.5200  160.3600  30.0 5.6 6.0 OFF EAST COAST OF KAMCHA                
event name:     201305210155A  
time shift:      4.4100
half duration:   2.4000
latitude:       52.3400
longitude:     160.8100
depth:          18.2100
Mrr:       9.320000e+24
Mtt:      -3.700000e+24
Mpp:      -5.620000e+24
Mrt:       5.460000e+24
Mrp:       6.640000e+24
Mtp:      -4.590000e+24
