 PDEW2008  6 21 13 43 29.00  35.9900   21.7000   5.0 4.4 4.8 CENTRAL MEDITERRANEAN SE                
event name:     200806211343A  
time shift:      8.4300
half duration:   0.7000
latitude:       36.1700
longitude:      21.7500
depth:          16.3700
Mrr:       3.010000e+23
Mtt:      -2.450000e+23
Mpp:      -5.690000e+22
Mrt:       1.010000e+23
Mrp:      -7.660000e+22
Mtp:       1.220000e+23

