PDE 2009  6 23 14 19 22.40  -5.1600  153.7800  64.0 6.3 6.7 NEW IRELAND REGION, P.N.                
event name:     200906231419A  
time shift:      7.2100
half duration:   5.6000
latitude:       -5.2200
longitude:     153.7400
depth:          70.2400
Mrr:       1.340000e+26
Mtt:      -4.910000e+25
Mpp:      -8.469999e+25
Mrt:      -3.080000e+25
Mrp:       5.020000e+25
Mtp:       7.480000e+25
