 PDEW2011  9 27 12  8 22.90  34.5200   23.7800  28.0 5.3 4.7 CRETE, GREECE                           
event name:     201109271208A  
time shift:     -0.5600
half duration:   1.1000
latitude:       34.3600
longitude:      23.6900
depth:          17.2300
Mrr:      -6.840000e+22
Mtt:      -9.260001e+23
Mpp:       9.940000e+23
Mrt:       5.680000e+23
Mrp:      -4.490000e+23
Mtp:       4.780000e+23

