 PDEW2007 11 16  9  8 23.00  37.0200   29.2600   5.3 4.7 5.0 TURKEY                                  
event name:     200711160908A  
time shift:      2.3200
half duration:   0.9000
latitude:       36.8300
longitude:      29.3400
depth:          13.0200
Mrr:      -5.770000e+23
Mtt:       5.690000e+23
Mpp:       8.000000e+21
Mrt:      -1.480000e+23
Mrp:       1.420000e+23
Mtp:      -4.580000e+22

