PDE 2012  6 25 13  5 28.00  36.4400   28.9400  26.4 4.8 5.0 DODECANESE ISLANDS, GREE                
event name:     201206251305A  
time shift:      4.4300
half duration:   0.8000
latitude:       36.4200
longitude:      28.9500
depth:          24.4000
Mrr:      -3.500000e+22
Mtt:      -2.400000e+23
Mpp:       2.750000e+23
Mrt:       4.150000e+23
Mrp:      -8.180000e+22
Mtp:       6.090000e+22
