PDE 2014  4  1 23 57 58.80 -19.8900  -70.9500  28.4 0.0 6.9 NEAR COAST OF NORTHERN C                
event name:     201404012358A  
time shift:     12.5500
half duration:   7.7000
latitude:      -19.8500
longitude:     -71.3900
depth:          20.6000
Mrr:       3.140000e+26
Mtt:      -2.390000e+25
Mpp:      -2.900000e+26
Mrt:      -2.400000e+24
Mrp:      -2.520000e+26
Mtp:       3.910000e+25
