 PDEW2012  7  3  5  3 40.70  34.0000   14.6700   1.3 4.5 0.0 CENTRAL MEDITERRANEAN SE                
event name:     201207030503A  
time shift:      2.0400
half duration:   0.6000
latitude:       33.9100
longitude:      14.7100
depth:          13.5700
Mrr:       2.860000e+22
Mtt:       1.500000e+23
Mpp:      -1.790000e+23
Mrt:       1.040000e+22
Mrp:       3.890000e+22
Mtp:      -3.000000e+22

