PDE 2014  8 24 23 21 45.50 -14.6000  -73.5700 101.0 0.0 6.8 CENTRAL PERU                            
event name:     201408242321A  
time shift:      4.2400
half duration:   6.4000
latitude:      -14.6100
longitude:     -73.7200
depth:          84.5100
Mrr:      -2.110000e+26
Mtt:      -1.270000e+25
Mpp:       2.240000e+26
Mrt:       4.400000e+25
Mrp:      -8.830000e+24
Mtp:       1.420000e+25
