 PDEW2015  3 27 23 34 54.30  35.7100   26.6200  67.0 0.0 5.2 CRETE, GREECE                           
event name:     201503272334A  
time shift:      0.4400
half duration:   1.0000
latitude:       35.6300
longitude:      26.7500
depth:          85.9700
Mrr:       1.760000e+23
Mtt:       6.220000e+23
Mpp:      -7.980000e+23
Mrt:       4.730000e+23
Mrp:       2.450000e+23
Mtp:       2.300000e+23

