PDE 2014  4 18  4 13 12.00 -11.1400  164.8100  10.0 0.0 6.1 SANTA CRUZ ISLANDS REGIO                
event name:     201404180413A  
time shift:      5.1500
half duration:   2.6000
latitude:      -11.1500
longitude:     164.6800
depth:          12.0000
Mrr:      -1.500000e+25
Mtt:      -6.760000e+23
Mpp:       1.570000e+25
Mrt:      -3.510000e+24
Mrp:       9.900000e+23
Mtp:       9.640000e+23
