PDE 2008  4  9 14 47 50.50 -20.0000  168.8700  35.0 5.9 6.3 VANUATU ISLANDS                         
event name:     200804091447A  
time shift:      1.9500
half duration:   3.4000
latitude:      -20.1900
longitude:     168.5200
depth:          33.8900
Mrr:      -3.040000e+25
Mtt:       2.540000e+24
Mpp:       2.780000e+25
Mrt:      -2.410000e+24
Mrp:       1.860000e+25
Mtp:      -4.290000e+24
