PDE 2011 10 29 22 24 21.90  38.8900   43.5600   5.0 5.0 5.2 TURKEY                                  
event name:     201110292224A  
time shift:      3.1700
half duration:   0.8000
latitude:       38.8300
longitude:      43.5200
depth:          19.3800
Mrr:      -4.860000e+22
Mtt:      -3.440000e+23
Mpp:       3.920000e+23
Mrt:       9.670000e+22
Mrp:       6.840000e+22
Mtp:      -2.750000e+23
