PDE 2014 12 21 11 34 14.70   2.1200  126.6500  54.7 0.0 6.6 NORTHERN MOLUCCA SEA                    
event name:     201412211134A  
time shift:      4.6100
half duration:   3.8000
latitude:        2.2900
longitude:     126.5300
depth:          33.1900
Mrr:       4.130000e+25
Mtt:      -2.650000e+24
Mpp:      -3.860000e+25
Mrt:      -4.730000e+24
Mrp:      -1.550000e+25
Mtp:      -1.670000e+25
