PDE 2008  2 24 14 46 21.50  -2.4000   99.9300  22.0 6.0 6.4 SOUTHERN SUMATRA, INDONE                
event name:     200802241446A  
time shift:      4.8700
half duration:   3.8000
latitude:       -2.6300
longitude:      99.7300
depth:          15.0000
Mrr:       1.280000e+25
Mtt:      -7.100000e+24
Mpp:      -5.720000e+24
Mrt:       5.540000e+25
Mrp:      -3.860000e+25
Mtp:       8.020000e+24
