 PDEW2014 10 24 23 43 15.50  38.9200   21.1200   0.1 0.0 5.3 GREECE                                  
event name:     201410242343A  
time shift:      1.3300
half duration:   1.0000
latitude:       38.8400
longitude:      21.1400
depth:          25.9300
Mrr:       3.030000e+23
Mtt:       6.790000e+23
Mpp:      -9.820001e+23
Mrt:      -4.160000e+23
Mrp:      -8.560000e+22
Mtp:       6.930000e+22

