PDE 2010  3 28 21 38 28.00 -35.3900  -73.3900  29.9 5.5 6.0 OFF COAST OF CENTRAL CHI                
event name:     201003282138A  
time shift:      8.0400
half duration:   2.3000
latitude:      -35.5600
longitude:     -73.4400
depth:          12.0000
Mrr:       5.140001e+24
Mtt:       2.130000e+23
Mpp:      -5.350000e+24
Mrt:      -6.100000e+23
Mrp:      -9.600000e+24
Mtp:      -1.640000e+24
