PDE 2011  9 16 21  8  5.30  40.2400  143.0100  18.0 5.7 6.1 OFF EAST COAST OF HONSHU                
event name:     201109162108A  
time shift:      4.0200
half duration:   2.6000
latitude:       40.2800
longitude:     143.2800
depth:          28.0000
Mrr:       9.220000e+24
Mtt:      -4.750000e+23
Mpp:      -8.740000e+24
Mrt:       3.270000e+24
Mrp:       1.070000e+25
Mtp:      -1.550000e+24
