 PDEW2009  5 17 11 59  3.10  38.1200   22.6900  19.0 4.7 4.5 GREECE                                  
event name:     200905171159A  
time shift:      1.4400
half duration:   0.7000
latitude:       37.8300
longitude:      22.6400
depth:          21.4100
Mrr:      -2.660000e+23
Mtt:       2.160000e+23
Mpp:       5.030000e+22
Mrt:      -1.060000e+23
Mrp:      -1.460000e+22
Mtp:      -6.970000e+22

