PDE 2011 10 13  3 16 30.20  -9.3500  114.5900  39.0 6.1 6.2 SOUTH OF BALI, INDONESIA                
event name:     201110130316A  
time shift:      4.1000
half duration:   2.9000
latitude:       -9.6900
longitude:     114.6500
depth:          57.7800
Mrr:       4.600000e+24
Mtt:       1.100000e+25
Mpp:      -1.560000e+25
Mrt:      -5.380000e+24
Mrp:       8.960000e+23
Mtp:       1.650000e+25
