PDE 2014  1 26 13 55 42.20  38.2100   20.4500   8.0 0.0 6.1 GREECE                                  
event name:     201401261355A  
time shift:      6.6100
half duration:   2.8000
latitude:       38.0800
longitude:      20.4000
depth:          15.1700
Mrr:       7.760000e+24
Mtt:       7.390000e+24
Mpp:      -1.520000e+25
Mrt:       3.050000e+24
Mrp:      -2.910000e+24
Mtp:       1.460000e+25
