PDE 2013 11 24 18  5 40.80  34.2200   45.5900  10.2 0.0 5.4 IRAN-IRAQ BORDER REGION                 
event name:     201311241805A  
time shift:      5.8600
half duration:   1.4000
latitude:       34.2900
longitude:      45.4300
depth:          15.3700
Mrr:       1.740000e+24
Mtt:       7.230000e+23
Mpp:      -2.460000e+24
Mrt:       1.440000e+24
Mrp:      -1.340000e+24
Mtp:       2.200000e+23
