PDE 2015  7 27 21 41 21.40  -2.6800  138.5100  48.0 0.0 7.0 IRIAN JAYA, INDONESIA                   
event name:     201507272141A  
time shift:      9.8300
half duration:   7.4000
latitude:       -2.5300
longitude:     138.5100
depth:          39.7300
Mrr:       2.940000e+26
Mtt:      -1.820000e+26
Mpp:      -1.130000e+26
Mrt:       1.210000e+26
Mrp:       4.340000e+25
Mtp:       2.020000e+26
