PDE 2015  4 24 13 56 15.20  51.6200 -130.7700   8.0 0.0 6.2 QUEEN CHARLOTTE ISLANDS                 
event name:     201504241356A  
time shift:      6.4500
half duration:   3.2000
latitude:       51.6900
longitude:    -130.8500
depth:          12.0000
Mrr:       5.760000e+24
Mtt:      -2.410000e+25
Mpp:       1.830000e+25
Mrt:       8.540000e+24
Mrp:       1.370000e+23
Mtp:       1.590000e+25
