PDE 2012  2  6  3 49 12.50  10.0000  123.2100  11.0 6.3 6.7 NEGROS, PHILIPPINES                     
event name:     201202060349A  
time shift:      6.7200
half duration:   5.3000
latitude:       10.0300
longitude:     123.2600
depth:          12.0000
Mrr:       1.050000e+26
Mtt:       7.350000e+24
Mpp:      -1.130000e+26
Mrt:      -9.350000e+24
Mrp:      -6.170000e+24
Mtp:      -6.970000e+25
