PDE 2013 10 19 17 54 54.70  26.0900 -110.3200   9.4 0.0 6.6 GULF OF CALIFORNIA                      
event name:     201310191754A  
time shift:      8.9600
half duration:   4.7000
latitude:       26.1900
longitude:    -110.5300
depth:          15.9400
Mrr:      -3.320000e+23
Mtt:      -8.780000e+25
Mpp:       8.820000e+25
Mrt:      -1.460000e+24
Mrp:      -1.120000e+25
Mtp:      -9.140000e+24
