PDE 2014 11  1 18 57 22.40 -19.7000 -177.7900 434.4 0.0 7.1 FIJI ISLANDS REGION                     
event name:     201411011857A  
time shift:      6.7000
half duration:   8.8000
latitude:      -19.8300
longitude:    -177.5800
depth:         449.2200
Mrr:       1.570000e+26
Mtt:      -2.970000e+26
Mpp:       1.410000e+26
Mrt:      -4.960000e+26
Mrp:      -1.660000e+26
Mtp:       3.800000e+25
