PDE 2012  7 25  0 27 45.30   2.7100   96.0400  22.0 5.9 6.5 NORTHERN SUMATRA, INDONE                
event name:     201207250027A  
time shift:      3.8700
half duration:   3.7000
latitude:        2.4600
longitude:      95.9300
depth:          20.0000
Mrr:       2.170000e+25
Mtt:      -1.540000e+25
Mpp:      -6.340000e+24
Mrt:       2.500000e+25
Mrp:      -2.800000e+25
Mtp:       9.920000e+24
