PDE 2011  3 17  4 13 56.80  40.1400  142.1700  29.0 5.8 6.1 NEAR EAST COAST OF HONSH                
event name:     201103170413A  
time shift:      5.3100
half duration:   2.8000
latitude:       40.1700
longitude:     142.5500
depth:          40.7600
Mrr:       1.290000e+25
Mtt:       7.050000e+23
Mpp:      -1.360000e+25
Mrt:       5.640000e+24
Mrp:       1.210000e+25
Mtp:      -2.940000e+24
