 PDEW2009 11 26 15  9 16.70  36.0900   21.4000  28.5 5.0 4.6 SOUTHERN GREECE                         
event name:     200911261509A  
time shift:      2.4200
half duration:   0.8000
latitude:       36.1000
longitude:      21.1700
depth:          12.0000
Mrr:       7.380000e+22
Mtt:       1.880000e+23
Mpp:      -2.620000e+23
Mrt:       1.660000e+23
Mrp:      -3.190000e+23
Mtp:       6.010000e+22

