PDE 2010  9 27  0  8 46.00  57.6900  -32.7600  11.6 5.1 5.5 REYKJANES RIDGE                         
event name:     201009270008A  
time shift:     -0.2900
half duration:   1.2000
latitude:       57.6800
longitude:     -32.7100
depth:          12.0000
Mrr:      -1.390000e+24
Mtt:       1.860000e+23
Mpp:       1.210000e+24
Mrt:       1.970000e+23
Mrp:       4.930000e+23
Mtp:       5.320000e+23
