PDE 2015  5 12 21 12 58.90  38.9100  142.0300  35.0 0.0 6.8 NEAR EAST COAST OF HONSH                
event name:     201505122112A  
time shift:      7.2400
half duration:   6.2000
latitude:       38.8900
longitude:     142.2900
depth:          43.9100
Mrr:       1.370000e+26
Mtt:      -2.750000e+24
Mpp:      -1.340000e+26
Mrt:       6.800000e+25
Mrp:       1.300000e+26
Mtp:      -3.820000e+25
