PDE 2013  9 17  4  9 14.90  42.1100   45.8300  16.3 5.4 5.3 EASTERN CAUCASUS                        
event name:     201309170409A  
time shift:      0.1900
half duration:   1.1000
latitude:       42.0700
longitude:      45.7500
depth:          13.2100
Mrr:       3.890000e+23
Mtt:      -3.610000e+23
Mpp:      -2.790000e+22
Mrt:       1.180000e+24
Mrp:       1.070000e+23
Mtp:       2.050000e+23
