PDE 2012  8 18  9 41 52.50  -1.3200  120.1000  10.0 5.8 6.3 SULAWESI, INDONESIA                     
event name:     201208180941A  
time shift:      3.7000
half duration:   3.5000
latitude:       -1.2600
longitude:     120.0000
depth:          12.5000
Mrr:      -7.020000e+24
Mtt:       2.740000e+25
Mpp:      -2.040000e+25
Mrt:      -2.750000e+24
Mrp:      -3.350000e+24
Mtp:      -2.780000e+25
