PDE 2009  4  7 17 47 37.00  42.2800   13.4600  15.1 5.4 5.5 CENTRAL ITALY                           
event name:     200904071747A  
time shift:      5.8300
half duration:   1.4000
latitude:       42.3100
longitude:      13.3900
depth:          17.4200
Mrr:      -1.510000e+24
Mtt:       8.400000e+23
Mpp:       6.730000e+23
Mrt:      -1.110000e+24
Mrp:      -1.080000e+24
Mtp:      -1.550000e+24
