PDE 2014  4  3  1 58 30.50 -20.3100  -70.5800  23.6 0.0 6.5 NEAR COAST OF NORTHERN C                
event name:     201404030158A  
time shift:     10.0600
half duration:   4.8000
latitude:      -20.3400
longitude:     -70.8800
depth:          33.6900
Mrr:       6.650000e+25
Mtt:       4.730000e+24
Mpp:      -7.120000e+25
Mrt:       1.620000e+25
Mrp:      -6.390000e+25
Mtp:       1.360000e+25
