PDE 2012  5 20  3  2 49.70  44.8400   11.1100  10.0 5.1 5.2 NORTHERN ITALY                          
event name:     201205200302A  
time shift:      1.3900
half duration:   0.9000
latitude:       44.9500
longitude:      11.3200
depth:          12.0000
Mrr:       3.770000e+23
Mtt:      -3.310000e+23
Mpp:      -4.550000e+22
Mrt:      -3.130000e+23
Mrp:       4.390000e+23
Mtp:       1.190000e+23
