PDE 2014  5  5 11  8 43.40  19.6600   99.6700   6.0 0.0 6.1 THAILAND                                
event name:     201405051108A  
time shift:      3.4400
half duration:   3.0000
latitude:       19.7200
longitude:      99.6800
depth:          12.0000
Mrr:      -2.520000e+23
Mtt:      -1.610000e+25
Mpp:       1.640000e+25
Mrt:      -1.300000e+24
Mrp:       3.390000e+24
Mtp:       1.600000e+25
