PDE 2012  6 14  5 52 53.60  37.2900   42.3300   5.4 5.3 5.5 TURKEY                                  
event name:     201206140552A  
time shift:      1.4300
half duration:   1.0000
latitude:       37.1100
longitude:      42.4400
depth:          12.0000
Mrr:       4.410000e+23
Mtt:      -6.530000e+23
Mpp:       2.130000e+23
Mrt:       4.760000e+23
Mrp:      -1.810000e+23
Mtp:       5.450000e+23
