PDE 2015  2 19 13 18 32.80 -16.4300  168.1500  10.0 0.0 6.4 VANUATU ISLANDS                         
event name:     201502191318A  
time shift:      7.8200
half duration:   3.8000
latitude:      -16.4100
longitude:     168.2300
depth:          12.0000
Mrr:       4.110000e+25
Mtt:       2.870000e+24
Mpp:      -4.400000e+25
Mrt:       8.990000e+24
Mrp:       1.550000e+25
Mtp:      -1.830000e+25
