PDE 2008  6  1  1 57 24.30  20.1300  121.3700  35.0 6.0 6.3 PHILIPPINE ISLANDS REGIO                
event name:     200806010157A  
time shift:      2.8800
half duration:   3.6000
latitude:       20.1700
longitude:     121.1900
depth:          31.0200
Mrr:       1.880000e+25
Mtt:       1.200000e+25
Mpp:      -3.080000e+25
Mrt:      -1.230000e+25
Mrp:      -2.650000e+25
Mtp:      -8.060000e+24
