PDE 2008  6 26 21 19 15.60 -20.7700 -173.3400  38.0 6.0 6.2 TONGA ISLANDS                           
event name:     200806262119A  
time shift:      2.9300
half duration:   2.6000
latitude:      -21.0300
longitude:    -172.9400
depth:          57.3600
Mrr:       1.240000e+25
Mtt:       2.050000e+24
Mpp:      -1.440000e+25
Mrt:       3.770000e+24
Mrp:      -7.340000e+24
Mtp:      -1.050000e+24
