 PDEW2012  1 25  8  6 36.00  44.8500   10.5400  33.2 5.0 4.9 NORTHERN ITALY                          
event name:     201201250806A  
time shift:      3.8200
half duration:   0.7000
latitude:       44.8200
longitude:      10.3600
depth:          29.7800
Mrr:      -1.660000e+23
Mtt:       2.520000e+23
Mpp:      -8.619999e+22
Mrt:      -2.250000e+23
Mrp:      -4.440000e+22
Mtp:      -1.460000e+23

