PDE 2013  2  7  0 30 10.80 -11.6600  164.9400   8.0 6.0 6.0 SANTA CRUZ ISLANDS REGIO                
event name:     201302070030A  
time shift:      2.5500
half duration:   2.5000
latitude:      -11.8700
longitude:     165.0500
depth:          12.0000
Mrr:      -1.260000e+25
Mtt:       4.360000e+24
Mpp:       8.280000e+24
Mrt:      -4.190000e+24
Mrp:       1.200000e+23
Mtp:      -6.260000e+24
