PDE 2010  6 16  3 58  8.50  -2.3300  136.4800  10.5 6.2 6.6 IRIAN JAYA REGION, INDON                
event name:     201006160358A  
time shift:      6.4900
half duration:   4.6000
latitude:       -2.1000
longitude:     136.5600
depth:          14.6300
Mrr:      -7.700000e+24
Mtt:      -7.920000e+25
Mpp:       8.690000e+25
Mrt:      -8.360000e+24
Mrp:       1.330000e+25
Mtp:      -9.700000e+24
