PDE 2013 10 25 17 10 19.70  37.1600  144.6600  35.0 0.0 7.1 OFF EAST COAST OF HONSHU                
event name:     201310251710A  
time shift:      5.5600
half duration:   9.1000
latitude:       37.1700
longitude:     144.6600
depth:          24.9200
Mrr:      -6.290000e+26
Mtt:       5.370000e+24
Mpp:       6.240000e+26
Mrt:      -1.380000e+26
Mrp:      -6.370000e+25
Mtp:       2.290000e+25
