PDE 2008  7 19  2 39 28.70  37.5500  142.2100  22.0 6.2 7.0 OFF EAST COAST OF HONSHU                
event name:     200807190239A  
time shift:      6.1000
half duration:   7.0000
latitude:       37.4700
longitude:     142.4200
depth:          21.8200
Mrr:       1.530000e+26
Mtt:      -1.720000e+25
Mpp:      -1.350000e+26
Mrt:       9.560000e+25
Mrp:       2.310000e+26
Mtp:      -5.350000e+25
