PDE 2009  6 19 14  4 59.00  35.3600   28.4500  28.0 5.6 5.8 EASTERN MEDITERRANEAN SE                
event name:     200906191405A  
time shift:      5.2900
half duration:   1.8000
latitude:       35.1100
longitude:      28.4900
depth:          21.8000
Mrr:      -3.710000e+24
Mtt:       1.760000e+24
Mpp:       1.940000e+24
Mrt:      -1.030000e+23
Mrp:      -1.700000e+24
Mtp:       3.730000e+24
