PDE 2014  3 17  5 11 34.90 -20.0200  -70.8800  21.0 0.0 6.4 NEAR COAST OF NORTHERN C                
event name:     201403170511A  
time shift:     10.9000
half duration:   3.8000
latitude:      -20.0100
longitude:     -71.0500
depth:          17.8000
Mrr:       2.510000e+25
Mtt:       1.030000e+24
Mpp:      -2.610000e+25
Mrt:       8.390000e+24
Mrp:      -3.780000e+25
Mtp:       5.160000e+24
