PDE 2012  8 26 15  5 37.10   2.1900  126.8400  91.1 6.3 6.6 NORTHERN MOLUCCA SEA                    
event name:     201208261505A  
time shift:      3.2000
half duration:   4.7000
latitude:        2.1600
longitude:     126.8100
depth:          91.2000
Mrr:       3.330000e+25
Mtt:       4.940000e+25
Mpp:      -8.270000e+25
Mrt:      -5.140000e+25
Mrp:      -6.600000e+24
Mtp:       1.880000e+25
