PDE 2012 10  9 12 32  9.80 -60.3300  153.7000  10.0 5.6 6.6 WEST OF MACQUARIE ISLAND                
event name:     201210091232A  
time shift:     10.1600
half duration:   4.7000
latitude:      -60.6500
longitude:     153.3900
depth:          20.7000
Mrr:      -1.160000e+25
Mtt:       7.250000e+25
Mpp:      -6.090000e+25
Mrt:       9.949999e+24
Mrp:       1.080000e+25
Mtp:      -5.920000e+25
