PDE 2015 10 20 21 52  2.00 -14.8400  167.3100 127.1 0.0 7.1 VANUATU ISLANDS                         
event name:     201510202152A  
time shift:      5.7500
half duration:   8.7000
latitude:      -14.8500
longitude:     167.1700
depth:         141.0900
Mrr:       2.790000e+26
Mtt:       1.130000e+26
Mpp:      -3.920000e+26
Mrt:      -2.900000e+26
Mrp:      -1.070000e+26
Mtp:       3.270000e+26
