 PDEW2014  3 29 19 18  4.10  45.5800   26.4300 135.7 0.0 4.7 ROMANIA                                 
event name:     201403291918A  
time shift:      3.2700
half duration:   0.6000
latitude:       45.5500
longitude:      26.5700
depth:         124.8700
Mrr:       1.480000e+23
Mtt:      -5.170000e+22
Mpp:      -9.640000e+22
Mrt:      -4.340000e+22
Mrp:      -5.240000e+22
Mtp:      -2.640000e+22

