PDEW 2012  9 21  8 47 40.10  35.3000   22.6300  16.0 5.0 4.9 CENTRAL MEDITERRANEAN SE                
event name:     201209210847A  
time shift:      2.3600
half duration:   0.7000
latitude:       35.2900
longitude:      22.5100
depth:          12.4400
Mrr:       2.100000e+23
Mtt:      -3.930000e+23
Mpp:       1.820000e+23
Mrt:       1.400000e+22
Mrp:      -4.210000e+22
Mtp:       1.950000e+23

