PDE 2011  5 14 21  7 22.20  36.4100   70.7500 207.3 5.8 6.0 HINDU KUSH REGION, AFGHA                
event name:     201105142107A  
time shift:      1.7400
half duration:   2.4000
latitude:       36.4500
longitude:      70.6200
depth:         210.2500
Mrr:       7.780001e+24
Mtt:      -6.570000e+24
Mpp:      -1.210000e+24
Mrt:       7.450000e+24
Mrp:      -5.160000e+24
Mtp:       2.280000e+24
