PDE 2012 10 25 23  5 24.00  39.8800   16.0100   6.0 5.2 5.3 SOUTHERN ITALY                          
event name:     201210252305A  
time shift:      4.1000
half duration:   1.1000
latitude:       39.8800
longitude:      15.9800
depth:          12.0000
Mrr:      -1.010000e+24
Mtt:       1.970000e+23
Mpp:       8.090000e+23
Mrt:       3.000000e+23
Mrp:      -3.390000e+23
Mtp:      -3.990000e+23
