PDE 2010  2 26 20 31 27.00  25.9300  128.4300  25.0 6.7 7.0 RYUKYU ISLANDS, JAPAN                   
event name:     201002262031A  
time shift:      2.6700
half duration:   7.4000
latitude:       25.8600
longitude:     128.6100
depth:          18.0200
Mrr:      -7.540000e+25
Mtt:       4.130000e+25
Mpp:       3.420000e+25
Mrt:       7.950000e+25
Mrp:       8.000000e+25
Mtp:       3.360000e+26
