PDE 2008 12  9  6 23 59.80 -31.2300 -176.9200  18.0 6.2 6.8 KERMADEC ISLANDS REGION                 
event name:     200812090624A  
time shift:      7.1800
half duration:   5.5000
latitude:      -31.0300
longitude:    -176.5400
depth:          18.7800
Mrr:      -1.290000e+26
Mtt:      -2.310000e+25
Mpp:       1.520000e+26
Mrt:      -1.860000e+25
Mrp:      -3.530000e+25
Mtp:       7.850000e+24
