PDE 2010  3 24 14 11 31.00  38.8200   40.1400   4.5 5.1 5.1 TURKEY                                  
event name:     201003241411A  
time shift:      3.2900
half duration:   0.8000
latitude:       38.6900
longitude:      39.9900
depth:          28.9200
Mrr:       5.470000e+22
Mtt:      -4.110000e+23
Mpp:       3.560000e+23
Mrt:       2.260000e+23
Mrp:      -2.250000e+23
Mtp:       1.920000e+23
