PDE 2015  5 24 14 38 59.50 -19.3900 -175.9600  10.0 0.0 6.2 TONGA ISLANDS                           
event name:     201505241439A  
time shift:      6.0600
half duration:   3.3000
latitude:      -19.4000
longitude:    -176.0500
depth:          15.9600
Mrr:      -1.470000e+23
Mtt:      -2.860000e+25
Mpp:       2.880000e+25
Mrt:      -8.020000e+24
Mrp:       6.790000e+24
Mtp:      -2.860000e+24
