PDE 2011  2 11 20  5 30.80 -36.4700  -73.1200  27.6 6.0 6.8 NEAR COAST OF CENTRAL CH                
event name:     201102112005A  
time shift:      8.2600
half duration:   6.4000
latitude:      -36.6300
longitude:     -73.5600
depth:          17.7600
Mrr:       9.990000e+25
Mtt:      -3.270000e+24
Mpp:      -9.660000e+25
Mrt:       2.530000e+24
Mrp:      -2.090000e+26
Mtp:      -1.320000e+25
