PDE 2010  9 29 17 11 25.90  -4.9600  133.7600  26.0 6.7 7.0 IRIAN JAYA REGION, INDON                
event name:     201009291711A  
time shift:      6.0500
half duration:   7.4000
latitude:       -4.9200
longitude:     133.7800
depth:          17.6800
Mrr:      -3.180000e+26
Mtt:      -4.800000e+25
Mpp:       3.660000e+26
Mrt:       5.270000e+25
Mrp:      -2.910000e+25
Mtp:      -3.760000e+25
