PDE 2012  6 29 21  7 33.90  43.4300   84.7000  18.0 6.2 6.4 NORTHERN XINJIANG, CHINA                
event name:     201206292107A  
time shift:      1.5700
half duration:   3.6000
latitude:       43.4200
longitude:      84.7200
depth:          27.6000
Mrr:       1.160000e+25
Mtt:      -3.550000e+25
Mpp:       2.390000e+25
Mrt:       3.100000e+24
Mrp:       1.950000e+25
Mtp:      -1.240000e+25
