 PDEW2015  3 15 11 22 13.90  35.7200    5.7100  10.0 0.0 4.6 NORTHERN ALGERIA                        
event name:     201503151122A  
time shift:     -1.8800
half duration:   0.7000
latitude:       35.7200
longitude:       5.8000
depth:          22.3000
Mrr:       1.950000e+23
Mtt:      -1.830000e+23
Mpp:      -1.170000e+22
Mrt:      -2.520000e+22
Mrp:       2.800000e+22
Mtp:      -1.870000e+23

