PDE 2009 12 24  0 23 33.40  42.2300  134.7000 410.9 6.2 6.3 PRIMOR'YE, RUSSIA                       
event name:     200912240023A  
time shift:      3.0200
half duration:   3.5000
latitude:       42.1200
longitude:     134.9300
depth:         390.3600
Mrr:       5.520000e+24
Mtt:       4.790000e+23
Mpp:      -6.000000e+24
Mrt:      -2.010000e+24
Mrp:      -3.490000e+25
Mtp:      -1.550000e+25
