PDE 2009  9  6 21 49 42.20  41.4800   20.3900   3.0 5.3 5.5 ALBANIA                                 
event name:     200909062149A  
time shift:      4.5200
half duration:   1.3000
latitude:       41.3700
longitude:      20.3600
depth:          12.0000
Mrr:      -1.700000e+24
Mtt:      -7.669999e+19
Mpp:       1.700000e+24
Mrt:      -7.020000e+23
Mrp:      -3.740000e+23
Mtp:       3.600000e+23
