PDE 2014  6 30 19 55 32.40  28.3400  138.8400 511.0 0.0 6.2 BONIN ISLANDS, JAPAN REG                
event name:     201406301955A  
time shift:      4.9200
half duration:   3.2000
latitude:       28.4200
longitude:     138.7500
depth:         522.8600
Mrr:       6.310000e+24
Mtt:       9.150000e+24
Mpp:      -1.550000e+25
Mrt:       1.670000e+25
Mrp:      -1.680000e+25
Mtp:       3.610000e+24
