PDE 2009  3 12 23 23 34.80   5.6900  -82.7700   9.0 6.1 6.3 SOUTH OF PANAMA                         
event name:     200903122323A  
time shift:      5.5000
half duration:   3.4000
latitude:        5.5100
longitude:     -82.6000
depth:          23.4000
Mrr:      -1.310000e+24
Mtt:       2.660000e+24
Mpp:      -1.360000e+24
Mrt:       3.070000e+24
Mrp:       1.330000e+23
Mtp:       3.430000e+25
