PDE 2008 10 29 11 32 43.10  30.6000   67.4600  14.0 6.2 6.6 PAKISTAN                                
event name:     200810291132A  
time shift:      5.4900
half duration:   4.0000
latitude:       30.2900
longitude:      67.5700
depth:          12.0000
Mrr:       1.000000e+25
Mtt:      -5.310000e+25
Mpp:       4.300000e+25
Mrt:       2.210000e+25
Mrp:       4.970000e+24
Mtp:       1.290000e+25
