 PDEW2014  8 29  3 45  7.50  36.6900   23.7100  80.0 0.0 5.8 SOUTHERN GREECE                         
event name:     201408290345A  
time shift:      0.8200
half duration:   2.0000
latitude:       36.4600
longitude:      23.6200
depth:         100.1500
Mrr:       8.990000e+23
Mtt:      -8.910000e+22
Mpp:      -8.100000e+23
Mrt:      -6.000000e+23
Mrp:       1.790000e+24
Mtp:      -6.190000e+24

