PDE 2009  6  6 20 33 28.80  23.8600  -46.1000  14.0 6.0 6.0 NORTHERN MID-ATLANTIC RI                
event name:     200906062033A  
time shift:      4.1800
half duration:   2.4000
latitude:       23.9400
longitude:     -46.1200
depth:          12.0000
Mrr:       1.220000e+24
Mtt:      -5.480000e+24
Mpp:       4.260000e+24
Mrt:       8.270001e+23
Mrp:       1.710000e+24
Mtp:      -1.140000e+25
