 PDEW2007  4 10 10 41  0.20  38.5500   21.6400   0.1 4.9 5.3 GREECE                                  
event name:     200704101041A  
time shift:      5.0400
half duration:   0.9000
latitude:       38.5500
longitude:      21.4800
depth:          12.0000
Mrr:      -4.900000e+23
Mtt:       5.230000e+23
Mpp:      -3.320000e+22
Mrt:      -7.700000e+22
Mrp:       1.600000e+23
Mtp:      -4.840000e+23

