PDE 2010  3  5  9 19 36.40 -36.6300  -73.2200  29.9 5.9 6.1 NEAR COAST OF CENTRAL CH                
event name:     201003050919A  
time shift:      2.7100
half duration:   2.8000
latitude:      -36.7600
longitude:     -73.5900
depth:          15.0400
Mrr:       4.600000e+24
Mtt:       6.270000e+23
Mpp:      -5.230000e+24
Mrt:       5.210000e+24
Mrp:      -1.830000e+25
Mtp:       3.820000e+23
