PDE 2014 12  8  8 54 52.90   7.9700  -82.6900  20.0 0.0 6.6 SOUTH OF PANAMA                         
event name:     201412080854A  
time shift:      7.4000
half duration:   4.7000
latitude:        7.9400
longitude:     -82.6000
depth:          19.3000
Mrr:       7.300000e+25
Mtt:      -4.590000e+25
Mpp:      -2.710000e+25
Mrt:       4.220000e+25
Mrp:      -3.440000e+25
Mtp:       3.880000e+25
