PDE 2010  3  4 14  2 27.50 -13.5700  167.2300 176.0 6.0 6.5 VANUATU ISLANDS                         
event name:     201003041402A  
time shift:      5.1000
half duration:   4.1000
latitude:      -13.6500
longitude:     167.0000
depth:         185.1100
Mrr:       5.770000e+25
Mtt:      -8.320000e+24
Mpp:      -4.930000e+25
Mrt:      -7.380000e+23
Mrp:      -1.080000e+25
Mtp:       1.850000e+25
