PDE 2013  2  6 11 53 55.20 -11.2400  165.7300  14.0 5.8 6.1 SANTA CRUZ ISLANDS                      
event name:     201302061153A  
time shift:      5.9300
half duration:   2.6000
latitude:      -11.3400
longitude:     165.5400
depth:          16.0000
Mrr:      -4.890000e+24
Mtt:       3.030000e+24
Mpp:       1.860000e+24
Mrt:      -1.330000e+25
Mrp:       4.020000e+24
Mtp:      -6.060000e+24
