PDE 2012  1 10 18 36 59.10   2.4300   93.2100  19.0 6.6 7.2 OFF W COAST OF NORTHERN                 
event name:     201201101837A  
time shift:     14.2100
half duration:   9.6000
latitude:        2.5900
longitude:      92.9800
depth:          23.7000
Mrr:      -5.120000e+25
Mtt:      -2.960000e+26
Mpp:       3.470000e+26
Mrt:      -1.070000e+26
Mrp:      -9.030000e+25
Mtp:      -6.680000e+26
