PDE 2015  5 20 22 48 53.40 -10.8800  164.1700  11.0 0.0 6.8 SANTA CRUZ ISLANDS REGIO                
event name:     201505202248A  
time shift:     10.5900
half duration:   6.1000
latitude:      -10.7800
longitude:     163.9100
depth:          19.0400
Mrr:       3.230000e+25
Mtt:      -1.100000e+26
Mpp:       7.810000e+25
Mrt:       5.390000e+25
Mrp:      -1.020000e+26
Mtp:       1.260000e+26
