PDE 2013  2  2 14 17 35.10  42.7700  143.0900 107.0 6.4 6.9 HOKKAIDO, JAPAN REGION                  
event name:     201302021417A  
time shift:      7.6600
half duration:   7.1000
latitude:       42.8500
longitude:     143.2400
depth:         105.3500
Mrr:      -3.270000e+25
Mtt:       6.730000e+25
Mpp:      -3.470000e+25
Mrt:       3.060000e+26
Mrp:      -1.630000e+25
Mtp:       2.130000e+25
