PDE 2013  3  1 12 53 51.10  50.9000  157.4500  33.0 5.7 6.4 KURIL ISLANDS                           
event name:     201303011253A  
time shift:      7.4800
half duration:   3.7000
latitude:       50.7000
longitude:     157.7500
depth:          44.3800
Mrr:       4.020000e+25
Mtt:      -9.400001e+24
Mpp:      -3.080000e+25
Mrt:       9.460000e+24
Mrp:       1.640000e+25
Mtp:      -1.860000e+25
