PDE 2011  3  6 12 31 59.70 -18.0400  -69.3400 118.0 6.0 6.3 NORTHERN CHILE                          
event name:     201103061231A  
time shift:      2.6100
half duration:   3.3000
latitude:      -18.2800
longitude:     -69.7300
depth:         126.3400
Mrr:      -1.440000e+25
Mtt:      -5.800000e+24
Mpp:       2.020000e+25
Mrt:       1.300000e+25
Mrp:      -2.120000e+25
Mtp:       9.820001e+23
