PDE 2010  5 23 22 46 52.10 -13.9300  -74.3600 101.4 6.3 6.1 CENTRAL PERU                            
event name:     201005232246A  
time shift:      3.4400
half duration:   2.8000
latitude:      -14.0300
longitude:     -74.5200
depth:         108.8800
Mrr:      -1.630000e+25
Mtt:       4.340000e+24
Mpp:       1.200000e+25
Mrt:      -1.880000e+24
Mrp:       4.700000e+24
Mtp:      -9.920000e+24
