PDE 2011  1  5  6 46 14.60 -22.2600  171.6300 112.2 5.8 6.1 SOUTHEAST OF LOYALTY ISL                
event name:     201101050646A  
time shift:      3.6500
half duration:   2.7000
latitude:      -22.4800
longitude:     171.5800
depth:         125.9400
Mrr:       5.330000e+24
Mtt:      -1.180000e+25
Mpp:       6.450000e+24
Mrt:       9.400001e+24
Mrp:       7.660000e+24
Mtp:       6.340000e+24
