PDE 2009  8 20  6 35  4.40  72.2000    0.9400   6.0 5.9 6.0 NORWEGIAN SEA                           
event name:     200908200635A  
time shift:      2.3700
half duration:   2.4000
latitude:       72.2200
longitude:       0.8400
depth:          12.0000
Mrr:      -9.690000e+24
Mtt:       3.820000e+24
Mpp:       5.860000e+24
Mrt:       1.500000e+23
Mrp:      -3.830000e+24
Mtp:       8.110000e+24
