PDE 2009 11 14 19 44 29.90 -22.9700  -66.6400 220.4 5.8 6.2 JUJUY PROVINCE, ARGENTIN                
event name:     200911141944A  
time shift:      3.1100
half duration:   2.9000
latitude:      -23.0400
longitude:     -66.8300
depth:         221.2200
Mrr:      -6.610000e+24
Mtt:      -2.670000e+24
Mpp:       9.280000e+24
Mrt:       3.700000e+24
Mrp:      -2.020000e+25
Mtp:      -1.420000e+24
