PDE 2011  3 14  6 12 36.10  37.7800  142.4600  14.0 6.0 6.1 OFF EAST COAST OF HONSHU                
event name:     201103140612A  
time shift:      3.4300
half duration:   2.5000
latitude:       37.7700
longitude:     142.6200
depth:          20.4500
Mrr:      -5.380000e+24
Mtt:      -3.370000e+24
Mpp:       8.750000e+24
Mrt:      -6.940000e+24
Mrp:      -8.090000e+24
Mtp:       1.280000e+24
