PDE 2008  6  5  2 16 46.90 -38.8400  -91.6200  10.0 5.4 6.0 WEST CHILE RISE                         
event name:     200806050216A  
time shift:      3.1500
half duration:   2.4000
latitude:      -39.0100
longitude:     -91.8500
depth:          12.0000
Mrr:      -8.520000e+23
Mtt:       1.840000e+24
Mpp:      -9.880000e+23
Mrt:      -1.550000e+23
Mrp:      -3.000000e+24
Mtp:      -1.180000e+25
