PDE 2008 12 24  9 11 34.30 -17.2900 -171.9100   9.0 5.9 6.0 TONGA ISLANDS REGION                    
event name:     200812240911A  
time shift:      4.6300
half duration:   2.4000
latitude:      -17.3100
longitude:    -171.5900
depth:          12.0000
Mrr:      -1.020000e+25
Mtt:      -1.880000e+24
Mpp:       1.210000e+25
Mrt:       1.130000e+24
Mrp:       6.720000e+23
Mtp:       1.310000e+24
