PDE 2009 11 22 22 47 27.50 -31.5700  179.4700 435.7 5.7 6.2 KERMADEC ISLANDS REGION                 
event name:     200911222247A  
time shift:      3.6600
half duration:   2.9000
latitude:      -31.4700
longitude:     179.6600
depth:         437.0700
Mrr:      -8.320000e+24
Mtt:      -8.660000e+24
Mpp:       1.700000e+25
Mrt:      -1.380000e+25
Mrp:      -7.470000e+24
Mtp:       3.690000e+24
