PDE 2012  8 11 12 34 35.90  38.3900   46.7400  12.0 6.3 6.3 ARMENIA-AZERBAIJAN-IRAN                 
event name:     201208111234A  
time shift:      3.6000
half duration:   3.7000
latitude:       38.3500
longitude:      46.7800
depth:          19.2000
Mrr:       2.480000e+25
Mtt:      -1.070000e+25
Mpp:      -1.410000e+25
Mrt:      -1.780000e+25
Mrp:       4.380000e+24
Mtp:      -3.210000e+25
