PDE 2010  3 14  0 57 44.70  -1.6900  128.1300  53.0 6.3 6.4 HALMAHERA, INDONESIA                    
event name:     201003140057A  
time shift:      5.1900
half duration:   4.1000
latitude:       -1.6000
longitude:     128.0900
depth:          58.0200
Mrr:       9.920000e+23
Mtt:       5.350000e+25
Mpp:      -5.450000e+25
Mrt:       2.040000e+25
Mrp:       8.730000e+24
Mtp:       7.490000e+24
