PDE 2012  9 30 16 31 36.00   1.9300  -76.3600 170.0 7.0 7.3 COLOMBIA                                
event name:     201209301631A  
time shift:      8.4800
half duration:  10.1000
latitude:        1.8900
longitude:     -76.2200
depth:         159.1200
Mrr:      -7.550000e+26
Mtt:       7.580001e+26
Mpp:      -3.790000e+24
Mrt:      -2.780000e+26
Mrp:       5.860000e+25
Mtp:       4.170000e+26
