PDE 2014  4 15  3 57  1.40 -53.5000    8.7200  11.2 0.0 6.8 BOUVET ISLAND REGION                    
event name:     201404150357A  
time shift:      6.7100
half duration:   6.3000
latitude:      -53.6500
longitude:       9.2400
depth:          16.3600
Mrr:      -1.410000e+25
Mtt:       2.160000e+26
Mpp:      -2.010000e+26
Mrt:       3.840000e+25
Mrp:       1.430000e+25
Mtp:       5.200000e+25
