PDE 2011  7  9 15  2 27.20 -29.3400 -177.0500  14.0 5.5 6.0 KERMADEC ISLANDS, NEW ZE                
event name:     201107091502A  
time shift:      7.6200
half duration:   2.3000
latitude:      -29.1500
longitude:    -176.7300
depth:          23.1500
Mrr:       8.400000e+24
Mtt:      -6.940001e+23
Mpp:      -7.700000e+24
Mrt:       1.870000e+24
Mrp:       6.480000e+24
Mtp:      -2.140000e+24
