PDE 2010  4 26  2 59 52.20  22.1800  123.7300  21.4 6.2 6.5 SOUTHEAST OF TAIWAN                     
event name:     201004260259A  
time shift:      1.9300
half duration:   4.3000
latitude:       22.2300
longitude:     123.7300
depth:          24.1700
Mrr:      -9.370000e+24
Mtt:       6.590000e+25
Mpp:      -5.650000e+25
Mrt:      -8.940001e+24
Mrp:       1.940000e+24
Mtp:      -3.020000e+25
