PDE 2009  1 22 20 16 34.60  -7.3100  128.5700 146.7 6.1 6.1 BANDA SEA                               
event name:     200901222016A  
time shift:      3.1600
half duration:   2.7000
latitude:       -7.5100
longitude:     128.5500
depth:         160.2100
Mrr:       1.740000e+25
Mtt:      -1.480000e+25
Mpp:      -2.590000e+24
Mrt:       4.280000e+24
Mrp:      -1.600000e+24
Mtp:       3.120000e+24
