PDE 2011  3 13  1 26  4.20  35.7200  141.6400   8.0 5.9 6.2 NEAR EAST COAST OF HONSH                
event name:     201103130126A  
time shift:      5.0200
half duration:   3.0000
latitude:       35.7400
longitude:     141.8100
depth:          12.0000
Mrr:      -1.590000e+25
Mtt:       2.860000e+24
Mpp:       1.300000e+25
Mrt:       8.900000e+24
Mrp:      -1.370000e+25
Mtp:      -5.230000e+24
