PDE 2014  7  8 12 56 25.90 -17.6900  168.4000 110.2 0.0 6.2 VANUATU ISLANDS                         
event name:     201407081256A  
time shift:      5.7500
half duration:   3.0000
latitude:      -17.7900
longitude:     168.3000
depth:         114.6400
Mrr:       1.030000e+24
Mtt:       1.110000e+25
Mpp:      -1.220000e+25
Mrt:      -1.440000e+25
Mrp:      -8.690000e+24
Mtp:       1.490000e+25
