PDE 2011  2 21 23 51 43.00 -43.6000  172.7100   5.0 0.0 6.3 SOUTH ISLAND, NEW ZEALAN                
event name:     201102212351A  
time shift:      4.6700
half duration:   2.8000
latitude:      -43.6000
longitude:     172.5200
depth:          12.0000
Mrr:       1.090000e+25
Mtt:       6.020000e+24
Mpp:      -1.700000e+25
Mrt:       3.150000e+24
Mrp:      -2.690000e+24
Mtp:      -1.200000e+25
