PDE 2013 11 16  3 34 31.20 -60.2600  -47.0600  10.0 0.0 6.9 SCOTIA SEA                              
event name:     201311160334A  
time shift:     12.8100
half duration:   6.7000
latitude:      -60.5400
longitude:     -47.0000
depth:          16.9100
Mrr:      -3.870000e+25
Mtt:       6.020000e+25
Mpp:      -2.160000e+25
Mrt:       4.950000e+25
Mrp:       1.040000e+26
Mtp:       2.330000e+26
