PDE 2011  6 26 12 16 38.60  -2.3800  136.6300  17.0 6.0 6.4 IRIAN JAYA REGION, INDON                
event name:     201106261216A  
time shift:      5.3300
half duration:   3.7000
latitude:       -2.2700
longitude:     136.6100
depth:          13.1900
Mrr:       1.940000e+24
Mtt:      -4.170000e+25
Mpp:       3.970000e+25
Mrt:      -6.300000e+23
Mrp:       7.380000e+24
Mtp:       1.300000e+25
