PDE 2011  5 11 16 47 25.70  37.7000   -1.6700   1.0 5.3 5.1 SPAIN                                   
event name:     201105111647A  
time shift:      2.5200
half duration:   0.9000
latitude:       37.7000
longitude:      -1.6500
depth:          12.0000
Mrr:       3.430000e+23
Mtt:      -6.190000e+23
Mpp:       2.760000e+23
Mrt:       1.710000e+23
Mrp:      -7.260000e+22
Mtp:      -8.670000e+22
