PDE 2012 12 23 13 31 40.90  42.4300   41.0700  16.1 5.5 5.7 NORTHWESTERN CAUCASUS                   
event name:     201212231331A  
time shift:      0.5300
half duration:   1.9000
latitude:       42.4600
longitude:      41.0200
depth:          15.9400
Mrr:      -4.480000e+23
Mtt:       5.310000e+24
Mpp:      -4.870000e+24
Mrt:      -1.340000e+24
Mrp:       4.520000e+23
Mtp:       1.880000e+24
