PDE 2011  3 11 19  2 59.20  39.3400  142.8700  27.1 6.1 6.2 NEAR EAST COAST OF HONSH                
event name:     201103111902A  
time shift:      1.0800
half duration:   3.2000
latitude:       39.4300
longitude:     143.0100
depth:          29.9600
Mrr:      -2.840000e+25
Mtt:       2.250000e+25
Mpp:       5.840000e+24
Mrt:       7.040000e+24
Mrp:       1.070000e+25
Mtp:       4.480000e+24
