PDE 2011  1 12 21 32 55.20  26.9800  139.8700 527.9 6.2 6.5 BONIN ISLANDS, JAPAN REG                
event name:     201101122132A  
time shift:      2.9900
half duration:   4.4000
latitude:       26.9400
longitude:     139.9400
depth:         511.4500
Mrr:      -3.560000e+25
Mtt:       4.170000e+25
Mpp:      -6.130000e+24
Mrt:       2.320000e+25
Mrp:      -5.220000e+25
Mtp:      -2.610000e+25
