PDE 2015  3 15 23 17 16.90  -0.5400  122.3100  31.0 0.0 6.1 MINAHASSA PENINSULA, SUL                
event name:     201503152317A  
time shift:     11.2600
half duration:   2.6000
latitude:       -0.5300
longitude:     122.3500
depth:          25.1300
Mrr:      -4.180000e+24
Mtt:       5.800000e+24
Mpp:      -1.620000e+24
Mrt:      -4.050000e+24
Mrp:       1.250000e+25
Mtp:      -6.360000e+24
