PDE 2011  6  3  0  5  0.80  37.2800  143.9100  14.0 6.4 6.2 OFF EAST COAST OF HONSHU                
event name:     201106030005A  
time shift:      2.0500
half duration:   2.7000
latitude:       37.3500
longitude:     143.9600
depth:          20.5200
Mrr:      -1.410000e+25
Mtt:       8.510000e+24
Mpp:       5.590000e+24
Mrt:      -3.740000e+24
Mrp:       4.070000e+24
Mtp:       9.940001e+24
