PDE 2015  6 12 11  7  8.00 -15.6800 -173.0100  48.0 0.0 6.0 TONGA ISLANDS                           
event name:     201506121107A  
time shift:      5.6900
half duration:   2.5000
latitude:      -15.5400
longitude:    -172.6900
depth:          51.2900
Mrr:      -4.710000e+24
Mtt:       4.660000e+24
Mpp:       5.020000e+22
Mrt:      -3.790000e+24
Mrp:       9.970001e+24
Mtp:      -5.270000e+24
