PDE 2015  2 20  4 25 23.40  39.8200  143.5900  10.0 0.0 6.2 OFF EAST COAST OF HONSHU                
event name:     201502200425A  
time shift:      5.1200
half duration:   3.0000
latitude:       39.8500
longitude:     143.8300
depth:          12.0000
Mrr:       1.360000e+25
Mtt:       6.830000e+23
Mpp:      -1.430000e+25
Mrt:       6.590000e+24
Mrp:       1.770000e+25
Mtp:      -4.100000e+24
