 PDEW2014 12 23  8  0 22.00  36.5300    3.0900   8.1 0.0 4.9 NORTHERN ALGERIA                        
event name:     201412230800A  
time shift:      1.0700
half duration:   0.6000
latitude:       36.4600
longitude:       3.1700
depth:          12.0000
Mrr:       1.530000e+23
Mtt:      -8.120000e+22
Mpp:      -7.170000e+22
Mrt:      -3.230000e+22
Mrp:       3.160000e+22
Mtp:      -9.529999e+22

