 PDEW2014  8  1  4 11 16.50  36.8600    3.1800  10.0 0.0 5.5 NORTHERN ALGERIA                        
event name:     201408010411A  
time shift:      2.5900
half duration:   1.5000
latitude:       36.8700
longitude:       3.2200
depth:          17.9500
Mrr:       1.700000e+24
Mtt:      -1.780000e+24
Mpp:       8.390000e+22
Mrt:      -2.200000e+24
Mrp:      -4.020000e+23
Mtp:      -1.900000e+23

