PDE 2012  6  7  4  5  4.50 -36.0700  -70.5700   8.0 5.9 6.0 CHILE-ARGENTINA BORDER R                
event name:     201206070405A  
time shift:      5.5000
half duration:   2.4000
latitude:      -36.2300
longitude:     -70.9700
depth:          16.8300
Mrr:      -2.670000e+24
Mtt:       1.780000e+24
Mpp:       8.910000e+23
Mrt:       3.920000e+24
Mrp:      -1.570000e+23
Mtp:       1.150000e+25
