PDE 2015  7  3  6 43 22.00  10.1700  125.9000  33.0 0.0 6.1 LEYTE, PHILIPPINES                      
event name:     201507030643A  
time shift:      3.6600
half duration:   2.8000
latitude:       10.1300
longitude:     126.3100
depth:          44.3600
Mrr:       1.580000e+25
Mtt:       2.750000e+24
Mpp:      -1.850000e+25
Mrt:       3.330000e+24
Mrp:       7.330000e+24
Mtp:       1.830000e+24
