PDE 2011 10  6  0 39 32.80  57.8900  -32.4900  10.0 5.4 5.6 REYKJANES RIDGE                         
event name:     201110060039A  
time shift:      1.4200
half duration:   1.6000
latitude:       57.9600
longitude:     -32.3500
depth:          12.0000
Mrr:      -3.340000e+24
Mtt:       3.550000e+23
Mpp:       2.980000e+24
Mrt:       3.760000e+23
Mrp:      -1.500000e+23
Mtp:       1.230000e+24
