PDE 2008  6  6 13 42 49.00  -7.4900  127.8900 122.0 5.7 6.0 BANDA SEA                               
event name:     200806061342A  
time shift:      3.6200
half duration:   2.3000
latitude:       -7.6300
longitude:     127.8700
depth:         138.2100
Mrr:       1.070000e+25
Mtt:      -1.060000e+25
Mpp:      -1.500000e+23
Mrt:      -4.710000e+23
Mrp:       3.000000e+24
Mtp:       8.070000e+23
