 PDEW2014  3  5 12 49 21.20  38.1100   20.3500  11.6 0.0 4.9 GREECE                                  
event name:     201403051249A  
time shift:      1.2800
half duration:   0.7000
latitude:       37.9700
longitude:      20.2700
depth:          17.7300
Mrr:      -9.529999e+22
Mtt:       3.260000e+23
Mpp:      -2.310000e+23
Mrt:       2.950000e+22
Mrp:       6.450000e+22
Mtp:      -5.030000e+22

