PDE 2010  5  5 16 29  3.20  -4.0500  101.1000  27.0 5.9 6.6 SOUTHERN SUMATRA, INDONE                
event name:     201005051629A  
time shift:      7.8500
half duration:   4.5000
latitude:       -4.2800
longitude:     100.7700
depth:          12.0000
Mrr:       2.470000e+25
Mtt:      -1.250000e+25
Mpp:      -1.220000e+25
Mrt:       6.320000e+25
Mrp:      -4.260000e+25
Mtp:       1.460000e+25
