PDE 2013  9 26  1 18 54.30  57.5700  -33.0700   9.8 0.0 5.4 REYKJANES RIDGE                         
event name:     201309260118A  
time shift:      0.5600
half duration:   1.2000
latitude:       57.5000
longitude:     -33.0100
depth:          12.0000
Mrr:      -8.480000e+23
Mtt:      -6.320000e+23
Mpp:       1.480000e+24
Mrt:       3.410000e+23
Mrp:      -1.090000e+23
Mtp:       8.410000e+23
