PDE 2009 12  9 16  0 43.30  -0.6400  -21.0700  10.0 5.5 6.4 CENTRAL MID-ATLANTIC RID                
event name:     200912091600A  
time shift:     12.9200
half duration:   3.9000
latitude:       -0.6200
longitude:     -20.8000
depth:          26.4800
Mrr:      -6.860000e+23
Mtt:       1.660000e+25
Mpp:      -1.600000e+25
Mrt:       1.750000e+24
Mrp:       6.080000e+24
Mtp:      -4.930000e+25
