PDE 2012 12 25 22 44 33.50  42.4400   40.9700  10.0 5.3 5.4 BLACK SEA                               
event name:     201212252244A  
time shift:      1.5300
half duration:   1.2000
latitude:       42.5100
longitude:      40.9500
depth:          15.8500
Mrr:      -8.050000e+22
Mtt:       1.350000e+24
Mpp:      -1.270000e+24
Mrt:      -1.670000e+23
Mrp:      -5.420000e+22
Mtp:       6.310000e+23
