 PDEW2014 12  6  6 20 53.00  38.9000   26.2700  13.4 0.0 4.9 AEGEAN SEA                              
event name:     201412060620A  
time shift:      3.3000
half duration:   0.8000
latitude:       38.8100
longitude:      26.3200
depth:          12.0000
Mrr:      -3.910000e+23
Mtt:       4.100000e+23
Mpp:      -1.940000e+22
Mrt:      -2.390000e+21
Mrp:      -3.200000e+22
Mtp:      -1.040000e+23

