 PDEW2007  6  5 11 50 20.50  38.5400   21.6500   0.0 4.8 5.3 GREECE                                  
event name:     200706051150A  
time shift:      3.4000
half duration:   0.7000
latitude:       38.4700
longitude:      21.5600
depth:          17.3300
Mrr:      -2.170000e+23
Mtt:       1.990000e+23
Mpp:       1.800000e+22
Mrt:      -1.640000e+23
Mrp:       3.020000e+22
Mtp:      -1.520000e+23

