PDE 2011  9 15 19 31  4.10 -21.6100 -179.5300 644.6 6.1 7.3 FIJI ISLANDS REGION                     
event name:     201109151931A  
time shift:      6.8100
half duration:  11.1000
latitude:      -21.6100
longitude:    -179.2100
depth:         624.8600
Mrr:      -1.410000e+26
Mtt:       7.870001e+26
Mpp:      -6.460000e+26
Mrt:      -5.890000e+26
Mrp:      -7.350000e+26
Mtp:      -5.180001e+25
