 PDEW2009  8  5  7 49  3.20  43.4500   28.6900  10.0 4.7 0.0 BLACK SEA                               
event name:     200908050749A  
time shift:      1.4800
half duration:   0.7000
latitude:       43.4200
longitude:      28.6000
depth:          19.9200
Mrr:       1.690000e+22
Mtt:       2.850000e+23
Mpp:      -3.020000e+23
Mrt:      -1.650000e+23
Mrp:       3.540000e+22
Mtp:       1.230000e+23

