PDE 2014  7 19 14 14  1.90  11.7400   57.6400  10.0 0.0 6.0 OWEN FRACTURE ZONE REGIO                
event name:     201407191414A  
time shift:      0.9000
half duration:   2.5000
latitude:       11.8000
longitude:      57.6700
depth:          12.0000
Mrr:      -2.860000e+23
Mtt:      -1.060000e+25
Mpp:       1.090000e+25
Mrt:      -4.690000e+23
Mrp:      -3.560000e+24
Mtp:      -7.090000e+24
