PDE 2014  7  5  9 39 27.80   1.9300   96.9400  20.0 0.0 6.0 OFF W COAST OF NORTHERN                 
event name:     201407050939A  
time shift:      2.7600
half duration:   2.6000
latitude:        1.7200
longitude:      96.7400
depth:          20.0000
Mrr:       6.430000e+24
Mtt:      -4.160000e+24
Mpp:      -2.270000e+24
Mrt:       9.190000e+24
Mrp:      -1.070000e+25
Mtp:       3.100000e+24
