PDE 2009 11  2 10 47 13.20 -24.1200 -175.1700   9.0 6.1 6.2 SOUTH OF TONGA ISLANDS                  
event name:     200911021047A  
time shift:      4.1400
half duration:   2.7000
latitude:      -24.2200
longitude:    -174.7500
depth:          12.0000
Mrr:      -1.760000e+25
Mtt:       2.530000e+24
Mpp:       1.500000e+25
Mrt:       2.260000e+24
Mrp:       3.350000e+24
Mtp:       4.860000e+24
