PDE 2009 10  2  1  7 39.30 -16.3300 -173.4700   8.0 6.1 6.1 TONGA ISLANDS                           
event name:     200910020107A  
time shift:      8.9200
half duration:   2.8000
latitude:      -16.4500
longitude:    -173.0600
depth:          12.0000
Mrr:      -1.350000e+25
Mtt:       8.900000e+24
Mpp:       4.650000e+24
Mrt:       2.900000e+24
Mrp:       3.280000e+24
Mtp:      -1.380000e+25
