PDE 2011  8 17 11 44  8.40  36.7600  143.7700   9.0 6.1 6.2 OFF EAST COAST OF HONSHU                
event name:     201108171144A  
time shift:      3.7200
half duration:   3.0000
latitude:       36.8000
longitude:     143.8400
depth:          12.0000
Mrr:      -2.180000e+25
Mtt:       1.240000e+25
Mpp:       9.370000e+24
Mrt:       2.160000e+24
Mrp:       5.850000e+24
Mtp:       1.060000e+25
