PDE 2013  9 30  8 16  9.10  49.5000  -28.4900  10.0 0.0 5.4 NORTHERN MID-ATLANTIC RI                
event name:     201309300816A  
time shift:      1.9600
half duration:   1.4000
latitude:       49.5200
longitude:     -28.3300
depth:          12.0000
Mrr:      -2.120000e+24
Mtt:       3.520000e+22
Mpp:       2.080000e+24
Mrt:       3.510000e+23
Mrp:      -7.840000e+23
Mtp:       1.630000e+23
