PDE 2009 10  7 22  3 14.50 -13.0100  166.5100  45.0 6.4 7.7 VANUATU ISLANDS                         
event name:     200910072203A  
time shift:     14.4400
half duration:  15.6000
latitude:      -12.5900
longitude:     166.2700
depth:          44.1700
Mrr:       3.250000e+27
Mtt:      -2.280000e+26
Mpp:      -3.020000e+27
Mrt:       6.440000e+24
Mrp:      -5.140000e+26
Mtp:       7.640001e+26
