PDE 2014  9  4  5 33 50.30 -21.3900 -173.3200  35.0 0.0 6.0 TONGA ISLANDS                           
event name:     201409040533A  
time shift:      2.7400
half duration:   2.5000
latitude:      -21.5300
longitude:    -173.1500
depth:          46.5000
Mrr:       1.210000e+25
Mtt:       7.870000e+23
Mpp:      -1.290000e+25
Mrt:       2.070000e+24
Mrp:      -3.830000e+24
Mtp:      -3.500000e+24
