PDE 2010  3  8  9 47 11.60  19.3300  144.7100 456.8 6.0 6.1 MARIANA ISLANDS                         
event name:     201003080947A  
time shift:     -0.1600
half duration:   2.7000
latitude:       19.2600
longitude:     144.6700
depth:         432.2100
Mrr:      -1.530000e+25
Mtt:       4.710000e+24
Mpp:       1.050000e+25
Mrt:      -3.680000e+24
Mrp:       1.690000e+24
Mtp:      -8.750000e+24
