PDE 2008  3 15 14 43 25.80   2.7000   94.5900  20.1 5.8 6.0 OFF W COAST OF NORTHERN                 
event name:     200803151443A  
time shift:      4.1400
half duration:   2.5000
latitude:        2.4700
longitude:      94.5100
depth:          12.0000
Mrr:       1.220000e+25
Mtt:      -6.620000e+24
Mpp:      -5.550000e+24
Mrt:       2.940000e+24
Mrp:      -5.130000e+24
Mtp:       6.520000e+24
