 PDEW2013  5 23 14  9  5.90  38.6600   20.5600   6.9 5.0 4.7 GREECE                                  
event name:     201305231409A  
time shift:      1.2900
half duration:   0.7000
latitude:       38.5100
longitude:      20.4200
depth:          26.7800
Mrr:       2.230000e+23
Mtt:      -3.230000e+22
Mpp:      -1.910000e+23
Mrt:       7.530000e+22
Mrp:       1.140000e+22
Mtp:       1.260000e+23

