PDE 2013  2 14 13 13 53.10  67.6300  142.5100  11.0 6.5 6.7 EASTERN SIBERIA, RUSSIA                 
event name:     201302141313A  
time shift:      6.2600
half duration:   5.3000
latitude:       67.6500
longitude:     142.5100
depth:          12.0000
Mrr:       1.110000e+26
Mtt:      -6.750000e+25
Mpp:      -4.320000e+25
Mrt:       2.420000e+25
Mrp:       7.020000e+24
Mtp:       7.980000e+25
