PDE 2011  6 24  6 33  7.80 -10.9300  165.9300  72.1 5.6 0.0 SANTA CRUZ ISLANDS                      
event name:     201106240633A  
time shift:      2.3200
half duration:   2.6000
latitude:      -10.6900
longitude:     165.5000
depth:          51.0000
Mrr:       1.780000e+25
Mtt:      -6.890000e+24
Mpp:      -1.090000e+25
Mrt:      -2.680000e+24
Mrp:       1.920000e+24
Mtp:       3.350000e+24
