 PDEW2014 12  6  1 45  6.80  38.8900   26.2700  12.4 0.0 5.1 AEGEAN SEA                              
event name:     201412060145A  
time shift:      1.0300
half duration:   0.9000
latitude:       38.8400
longitude:      26.2800
depth:          12.0000
Mrr:      -5.780000e+23
Mtt:       6.070000e+23
Mpp:      -2.890000e+22
Mrt:      -9.110000e+22
Mrp:      -3.880000e+22
Mtp:      -1.910000e+23

