 PDEW2007 10 29  9 23 14.00  37.0300   29.2300   5.0 4.9 5.1 TURKEY                                  
event name:     200710290923A  
time shift:      4.9900
half duration:   1.1000
latitude:       36.8900
longitude:      29.2100
depth:          12.0000
Mrr:      -1.080000e+24
Mtt:       9.710000e+23
Mpp:       1.070000e+23
Mrt:      -2.510000e+23
Mrp:       3.020000e+23
Mtp:      -2.490000e+23

