PDE 2011  3  9 21 22 17.60  38.3400  142.6500  23.0 5.9 5.9 NEAR EAST COAST OF HONSH                
event name:     201103092122A  
time shift:      1.9500
half duration:   2.9000
latitude:       38.2900
longitude:     142.9100
depth:          22.5100
Mrr:       7.000000e+24
Mtt:      -1.650000e+23
Mpp:      -6.830000e+24
Mrt:       2.730000e+24
Mrp:       7.930000e+24
Mtp:      -2.260000e+24
