PDEW2010  7 16  8 11  1.90  36.8100   26.9100 165.0 4.9 0.0 DODECANESE ISLANDS, GREE                
event name:     201007160811A  
time shift:      1.4000
half duration:   0.9000
latitude:       36.7100
longitude:      26.9500
depth:         173.6400
Mrr:      -7.260000e+22
Mtt:      -1.400000e+23
Mpp:       2.120000e+23
Mrt:      -1.290000e+23
Mrp:       3.780000e+23
Mtp:       4.860000e+23

