PDE 2012 10 20 23  0 32.50 -13.5500  166.5600  36.0 5.9 6.2 VANUATU ISLANDS                         
event name:     201210202300A  
time shift:      3.6600
half duration:   3.2000
latitude:      -13.5200
longitude:     166.5100
depth:          47.4400
Mrr:       1.710000e+25
Mtt:       1.810000e+24
Mpp:      -1.890000e+25
Mrt:      -7.450000e+24
Mrp:       1.620000e+25
Mtp:      -1.040000e+25
