PDE 2011  9 22 23  7  3.60 -15.4400 -175.3100  10.0 5.9 6.4 TONGA ISLANDS                           
event name:     201109222307A  
time shift:      6.0100
half duration:   3.7000
latitude:      -15.2000
longitude:    -175.0200
depth:          12.0000
Mrr:      -3.680000e+24
Mtt:       2.570000e+25
Mpp:      -2.200000e+25
Mrt:       6.820000e+24
Mrp:      -5.310000e+24
Mtp:       3.580000e+25
