PDE 2009  2 15 10  4 49.30  -5.8500  -80.8900  21.0 5.8 6.1 NEAR COAST OF NORTHERN P                
event name:     200902151004A  
time shift:      2.5200
half duration:   2.6000
latitude:       -5.9900
longitude:     -81.2000
depth:          23.6400
Mrr:       9.400001e+24
Mtt:      -2.020000e+23
Mpp:      -9.200000e+24
Mrt:       2.580000e+24
Mrp:      -1.110000e+25
Mtp:       9.780000e+23
