PDE 2009  4 28 19 54 35.00  52.6700  -35.0300  10.0 5.0 5.6 REYKJANES RIDGE                         
event name:     200904281954A  
time shift:      5.7000
half duration:   1.5000
latitude:       52.7400
longitude:     -34.7000
depth:          19.0600
Mrr:      -2.840000e+23
Mtt:      -5.110000e+23
Mpp:       7.950000e+23
Mrt:       1.230000e+22
Mrp:       4.160000e+23
Mtp:      -2.620000e+24
