 PDEW2007 11  9  1 43  4.20  38.7300   25.7200   9.0 5.0 5.5 AEGEAN SEA                              
event name:     200711090143A  
time shift:      4.9900
half duration:   1.0000
latitude:       38.7800
longitude:      25.6600
depth:          15.1600
Mrr:      -1.920000e+23
Mtt:       5.980000e+23
Mpp:      -4.060000e+23
Mrt:      -4.800000e+22
Mrp:       2.180000e+23
Mtp:      -4.880000e+23

