PDE 2011 10 18  5  5  6.20  -5.7800  151.0400  26.0 5.5 6.1 NEW BRITAIN REGION, P.N.                
event name:     201110180505A  
time shift:      5.6300
half duration:   2.5000
latitude:       -6.1200
longitude:     151.1000
depth:          33.3200
Mrr:       1.080000e+25
Mtt:      -1.190000e+25
Mpp:       1.150000e+24
Mrt:       7.190000e+24
Mrp:      -1.030000e+24
Mtp:      -2.950000e+24
