PDE 2013  1 28 16 38 53.60  42.6000   79.7100  15.0 6.1 6.2 LAKE ISSYK-KUL REGION                   
event name:     201301281638A  
time shift:      3.1100
half duration:   3.0000
latitude:       42.5700
longitude:      79.7600
depth:          24.4300
Mrr:       3.170000e+24
Mtt:      -2.260000e+25
Mpp:       1.950000e+25
Mrt:      -2.950000e+24
Mrp:      -2.010000e+24
Mtp:       1.040000e+25
