PDE 2015  5  5  1 44  6.40  -5.4600  151.8800  55.0 0.0 7.5 NEW BRITAIN REGION, P.N.                
event name:     201505050144A  
time shift:     20.1600
half duration:  13.1000
latitude:       -5.3200
longitude:     152.1000
depth:          38.2800
Mrr:       1.700000e+27
Mtt:      -1.630000e+27
Mpp:      -6.680000e+25
Mrt:       8.240000e+26
Mrp:       1.190000e+25
Mtp:      -5.480000e+26
