PDE 2010  4  5 10  5 46.10  -0.1900  125.0000  35.0 6.1 6.2 SOUTHERN MOLUCCA SEA                    
event name:     201004051005A  
time shift:      4.7300
half duration:   2.8000
latitude:       -0.2500
longitude:     125.0700
depth:          28.3700
Mrr:       5.050001e+24
Mtt:      -7.730000e+24
Mpp:       2.680000e+24
Mrt:       1.710000e+25
Mrp:       1.520000e+24
Mtp:      -4.390000e+24
