PDE 2012  5  7  4 40 27.80  41.5500   46.7900  11.0 5.7 5.7 EASTERN CAUCASUS                        
event name:     201205070440A  
time shift:      2.3000
half duration:   2.1000
latitude:       41.4600
longitude:      46.6800
depth:          15.0000
Mrr:       1.990000e+24
Mtt:      -1.820000e+24
Mpp:      -1.690000e+23
Mrt:       7.120000e+24
Mrp:      -2.320000e+24
Mtp:       8.850000e+23
