PDE 2013  6 15 11 20 36.00 -33.8500  179.4000 195.0 5.5 6.0 SOUTH OF KERMADEC ISLAND                
event name:     201306151120A  
time shift:      4.7200
half duration:   2.5000
latitude:      -33.8200
longitude:     179.6300
depth:         200.4500
Mrr:       7.630000e+24
Mtt:       4.640000e+23
Mpp:      -8.090000e+24
Mrt:      -9.710000e+23
Mrp:       9.890001e+24
Mtp:      -3.930000e+24
