PDE 2010  8 18 16 28 15.40  12.2300  141.5100  10.0 5.8 6.3 SOUTH OF MARIANA ISLANDS                
event name:     201008181628A  
time shift:      7.0800
half duration:   2.9000
latitude:       12.3100
longitude:     141.4200
depth:          12.0000
Mrr:      -1.970000e+25
Mtt:       1.030000e+25
Mpp:       9.480001e+24
Mrt:       3.930000e+24
Mrp:       4.810000e+24
Mtp:       1.180000e+25
