PDE 2014  5  4  9 15 52.90 -24.6100  179.0900 527.0 0.0 6.6 SOUTH OF FIJI ISLANDS                   
event name:     201405040915A  
time shift:      3.9400
half duration:   4.7000
latitude:      -24.6700
longitude:     179.1200
depth:         529.6400
Mrr:      -7.520000e+25
Mtt:       1.230000e+25
Mpp:       6.289999e+25
Mrt:      -2.870000e+25
Mrp:      -1.770000e+25
Mtp:      -4.600000e+25
