PDE 2010  7 20 19 18 22.00  -5.9100  150.7000  35.0 5.6 6.3 NEW BRITAIN REGION, P.N.                
event name:     201007201918A  
time shift:      7.3600
half duration:   3.6000
latitude:       -6.3300
longitude:     150.7600
depth:          34.5900
Mrr:       3.240000e+25
Mtt:      -3.620000e+25
Mpp:       3.840000e+24
Mrt:       2.040000e+25
Mrp:       2.010000e+23
Mtp:      -4.660000e+24
