PDE 2008  4 18 20 39  7.10 -17.3400 -179.0200 553.8 5.9 6.3 FIJI ISLANDS REGION                     
event name:     200804182039A  
time shift:      5.4300
half duration:   3.5000
latitude:      -17.2600
longitude:    -178.9800
depth:         577.8400
Mrr:      -2.190000e+25
Mtt:       2.940000e+25
Mpp:      -7.550000e+24
Mrt:      -3.080000e+24
Mrp:      -1.630000e+25
Mtp:       2.080000e+25
