 PDEW2012  5  1 14 48 28.50  38.6600   26.6600  12.2 4.9 5.0 AEGEAN SEA                              
event name:     201205011448A  
time shift:      1.4800
half duration:   0.6000
latitude:       38.5500
longitude:      27.0000
depth:          12.0000
Mrr:      -1.780000e+23
Mtt:       1.840000e+23
Mpp:      -6.350000e+21
Mrt:      -6.200000e+22
Mrp:      -1.330000e+23
Mtp:      -7.070000e+21

