PDE 2011  8 16 11  3 57.70  -2.3300  128.0000  35.0 6.1 6.0 CERAM SEA                               
event name:     201108161103A  
time shift:      1.4100
half duration:   2.5000
latitude:       -2.1700
longitude:     127.9700
depth:          27.7200
Mrr:       3.710000e+24
Mtt:       8.930001e+24
Mpp:      -1.260000e+25
Mrt:      -1.660000e+24
Mrp:       2.080000e+24
Mtp:       7.460000e+24
