 PDEW2013 10 18 15  8 31.20  35.7000   10.9500  20.2 0.0 4.4 TUNISIA                                 
event name:     201310181508A  
time shift:     -0.6100
half duration:   0.6000
latitude:       35.7000
longitude:      10.8300
depth:          12.0000
Mrr:      -3.160000e+22
Mtt:      -4.900000e+22
Mpp:       8.060001e+22
Mrt:       3.340000e+22
Mrp:      -1.240000e+23
Mtp:      -1.320000e+23

