PDE 2011  7 15 13 26  3.00 -60.7600  -23.5200  10.0 5.7 6.2 SOUTH SANDWICH ISLANDS R                
event name:     201107151326A  
time shift:      4.7500
half duration:   2.6000
latitude:      -61.1200
longitude:     -22.8500
depth:          12.0000
Mrr:      -4.870000e+24
Mtt:       2.540000e+24
Mpp:       2.330000e+24
Mrt:       3.160000e+24
Mrp:       6.590000e+23
Mtp:       1.450000e+25
