PDE 2011  4  3 14  7  9.30 -17.6400 -178.5900 551.7 5.6 6.4 FIJI ISLANDS REGION                     
event name:     201104031407A  
time shift:      5.0600
half duration:   3.9000
latitude:      -17.6500
longitude:    -178.4500
depth:         562.2800
Mrr:       5.240000e+24
Mtt:       8.870000e+23
Mpp:      -6.130000e+24
Mrt:      -1.050000e+25
Mrp:      -4.790000e+25
Mtp:      -4.020000e+23
