PDE 2009  1  6 22 48 27.20  -0.6600  133.4300  16.0 5.9 6.0 IRIAN JAYA REGION, INDON                
event name:     200901062248A  
time shift:      4.8800
half duration:   2.4000
latitude:       -0.6500
longitude:     133.3600
depth:          26.0200
Mrr:       6.250000e+23
Mtt:      -4.290000e+24
Mpp:       3.660000e+24
Mrt:      -1.070000e+25
Mrp:       4.920000e+24
Mtp:      -1.320000e+24
