PDE 2008  8 11 23 38 38.30  -1.0200  -21.8400  13.0 5.4 6.0 CENTRAL MID-ATLANTIC RID                
event name:     200808112338A  
time shift:      5.9500
half duration:   2.5000
latitude:       -0.7500
longitude:     -21.7500
depth:          24.2600
Mrr:      -3.710000e+23
Mtt:       4.050000e+24
Mpp:      -3.680000e+24
Mrt:      -7.840000e+23
Mrp:       1.280000e+24
Mtp:      -1.250000e+25
