PDE 2010  2 28 11 25 35.90 -34.9000  -71.6200  46.0 6.2 6.2 NEAR COAST OF CENTRAL CH                
event name:     201002281125A  
time shift:      3.7500
half duration:   3.0000
latitude:      -35.1100
longitude:     -72.0500
depth:          53.4500
Mrr:       1.650000e+25
Mtt:       1.950000e+24
Mpp:      -1.840000e+25
Mrt:       3.930000e+24
Mrp:      -1.640000e+25
Mtp:      -1.130000e+24
