PDE 2008  4 15  3  3  4.70  13.5600  -90.6000  33.0 5.6 6.1 NEAR COAST OF GUATEMALA                 
event name:     200804150303A  
time shift:      4.2600
half duration:   2.9000
latitude:       13.4200
longitude:     -91.0000
depth:          32.8500
Mrr:       4.460000e+24
Mtt:      -1.510000e+25
Mpp:       1.060000e+25
Mrt:      -8.940001e+24
Mrp:       1.320000e+25
Mtp:      -4.720000e+24
