PDE 2008  2 21 14 16  2.70  41.1500 -114.8700   6.7 5.7 6.0 NEVADA                                  
event name:     200802211416A  
time shift:      7.3300
half duration:   2.5000
latitude:       41.1600
longitude:    -114.8500
depth:          13.5000
Mrr:      -1.270000e+25
Mtt:       1.980000e+24
Mpp:       1.070000e+25
Mrt:       6.880000e+23
Mrp:       2.560000e+24
Mtp:       6.100000e+24
