 PDEW2013  1 25 14 48 18.00  44.1700   10.4500  15.0 5.0 4.9 NORTHERN ITALY                          
event name:     201301251448A  
time shift:      4.1000
half duration:   0.8000
latitude:       44.1700
longitude:      10.4900
depth:          22.1600
Mrr:      -1.450000e+23
Mtt:       3.720000e+23
Mpp:      -2.260000e+23
Mrt:      -1.180000e+22
Mrp:       8.659999e+22
Mtp:      -2.450000e+23

