PDE 2014  2  2  9 26 37.80 -32.9100 -177.8800  44.3 0.0 6.5 SOUTH OF KERMADEC ISLAND                
event name:     201402020926A  
time shift:      3.5300
half duration:   4.0000
latitude:      -32.9700
longitude:    -177.6900
depth:          50.6100
Mrr:       4.990000e+25
Mtt:      -2.080000e+25
Mpp:      -2.910000e+25
Mrt:      -1.400000e+25
Mrp:      -6.610000e+24
Mtp:      -2.870000e+25
