PDE 2011  1 31  6  3 27.30 -22.0100 -175.6200  76.0 6.0 6.0 TONGA ISLANDS REGION                    
event name:     201101310603A  
time shift:      4.2600
half duration:   2.4000
latitude:      -21.9100
longitude:    -175.1300
depth:          89.4800
Mrr:      -1.500000e+24
Mtt:       8.230000e+24
Mpp:      -6.720001e+24
Mrt:       5.080000e+24
Mrp:      -6.500000e+24
Mtp:      -6.100000e+24
