PDE 2014  2  1  3 58 44.00 -56.8300  -27.3400 130.0 0.0 6.1 SOUTH SANDWICH ISLANDS R                
event name:     201402010358A  
time shift:      2.7600
half duration:   2.9000
latitude:      -56.9700
longitude:     -26.7200
depth:         131.8700
Mrr:      -4.460000e+24
Mtt:       1.070000e+25
Mpp:      -6.280000e+24
Mrt:      -1.350000e+25
Mrp:      -9.860001e+24
Mtp:      -9.560000e+24
