PDE 2012 12  7  8 31 14.80  37.9100  143.7600  32.0 6.1 6.2 OFF EAST COAST OF HONSHU                
event name:     201212070831A  
time shift:      2.4400
half duration:   3.1000
latitude:       37.9400
longitude:     143.9000
depth:          24.8600
Mrr:      -2.360000e+25
Mtt:       1.620000e+24
Mpp:       2.200000e+25
Mrt:       3.030000e+24
Mrp:      -7.680000e+23
Mtp:       1.040000e+25
