 PDEW2014 11 22 19 14 16.40  45.9000   27.1500  32.0 0.0 5.6 ROMANIA                                 
event name:     201411221914A  
time shift:      2.3900
half duration:   1.7000
latitude:       45.8000
longitude:      27.1700
depth:          25.0000
Mrr:      -6.350000e+23
Mtt:       1.320000e+24
Mpp:      -6.870000e+23
Mrt:      -2.500000e+24
Mrp:       2.900000e+24
Mtp:      -8.380000e+23

