PDE 2010  1  2  8 45 32.00  12.4200  141.9600   2.0 5.7 6.1 SOUTH OF MARIANA ISLANDS                
event name:     201001020845A  
time shift:      6.7700
half duration:   2.5000
latitude:       12.3200
longitude:     141.7700
depth:          12.0000
Mrr:      -1.140000e+25
Mtt:       1.120000e+25
Mpp:       2.960000e+23
Mrt:       6.460000e+24
Mrp:       3.120000e+24
Mtp:       4.410000e+24
