PDE 2008  8  5  9 49 17.30  32.7600  105.4900   6.0 5.9 6.0 SICHUAN, CHINA                          
event name:     200808050949A  
time shift:      3.1000
half duration:   2.3000
latitude:       32.6900
longitude:     105.5700
depth:          12.0000
Mrr:       1.090000e+25
Mtt:      -1.250000e+24
Mpp:      -9.670000e+24
Mrt:       1.810000e+24
Mrp:       1.180000e+23
Mtp:       3.690000e+24
