PDE 2008  8 19 16 30 13.20 -15.0900 -173.4800   8.0 5.6 6.1 TONGA ISLANDS                           
event name:     200808191630A  
time shift:      7.4400
half duration:   2.4000
latitude:      -14.8500
longitude:    -173.2300
depth:          12.0000
Mrr:       1.070000e+24
Mtt:       5.070000e+24
Mpp:      -6.140000e+24
Mrt:       2.460000e+24
Mrp:       7.640000e+24
Mtp:       6.340000e+24
