 PDEW2009  1 13  6 12 42.90  35.6600   26.3900  42.0 5.1 0.0 CRETE, GREECE                           
event name:     200901130612A  
time shift:      3.9800
half duration:   1.1000
latitude:       35.6200
longitude:      26.2600
depth:          29.0500
Mrr:      -5.380000e+23
Mtt:      -5.060000e+23
Mpp:       1.040000e+24
Mrt:      -3.490000e+23
Mrp:       5.670000e+22
Mtp:       4.960000e+23

