PDE 2014  7 25 10 54 49.40  58.2600 -136.9000   1.0 0.0 6.1 SOUTHEASTERN ALASKA                     
event name:     201407251054B  
time shift:      5.0100
half duration:   2.5000
latitude:       58.4600
longitude:    -137.0500
depth:          12.0000
Mrr:       4.450000e+24
Mtt:      -1.520000e+25
Mpp:       1.080000e+25
Mrt:       3.430000e+24
Mrp:       3.350000e+24
Mtp:       2.120000e+24
