PDE 2012  5 14 10  0 40.40 -17.6400  -69.5700 105.7 6.6 6.2 PERU-BOLIVIA BORDER REGI                
event name:     201205141000A  
time shift:      2.9400
half duration:   3.3000
latitude:      -18.0000
longitude:     -69.9400
depth:         119.2500
Mrr:      -8.560000e+24
Mtt:      -7.980000e+24
Mpp:       1.650000e+25
Mrt:       1.850000e+25
Mrp:      -1.920000e+25
Mtp:      -7.600000e+24
