PDE 2011  2 12 17 57 56.60 -20.8900 -175.6700  89.6 6.0 6.1 TONGA ISLANDS                           
event name:     201102121757A  
time shift:      4.7000
half duration:   2.8000
latitude:      -20.9300
longitude:    -175.1900
depth:         111.5500
Mrr:      -9.520000e+24
Mtt:       1.050000e+25
Mpp:      -9.660000e+23
Mrt:       4.350000e+24
Mrp:      -9.030000e+24
Mtp:       1.180000e+25
