PDE 2008  9 11  0  0  2.70   1.8800  127.3600  96.0 6.2 6.6 HALMAHERA, INDONESIA                    
event name:     200809110000A  
time shift:      4.0700
half duration:   4.8000
latitude:        1.9100
longitude:     127.3400
depth:         119.5800
Mrr:       2.870000e+25
Mtt:       2.500000e+25
Mpp:      -5.370000e+25
Mrt:      -6.980000e+25
Mrp:      -4.030000e+25
Mtp:      -1.660000e+25
