PDE 2008 11  2 13 48 42.80  51.5500 -174.3700  36.0 5.7 6.1 ANDREANOF ISLANDS, ALEUT                
event name:     200811021348A  
time shift:      1.4300
half duration:   2.6000
latitude:       51.3800
longitude:    -174.4900
depth:          20.2200
Mrr:       1.160000e+25
Mtt:      -1.030000e+25
Mpp:      -1.300000e+24
Mrt:       8.840001e+24
Mrp:       4.300000e+24
Mtp:      -4.230000e+24
