PDE 2011  2  4 13 53 44.20  24.6400   94.6800  66.0 6.5 6.3 MYANMAR-INDIA BORDER REG                
event name:     201102041353A  
time shift:      4.6600
half duration:   3.3000
latitude:       24.4600
longitude:      94.6800
depth:         103.5400
Mrr:       1.810000e+25
Mtt:      -2.680000e+25
Mpp:       8.690000e+24
Mrt:       4.590000e+23
Mrp:      -1.370000e+25
Mtp:       1.470000e+25
