PDE 2012  5  1 22 43 33.30  14.3800  -92.9000  14.0 5.6 6.0 NEAR COAST OF CHIAPAS, M                
event name:     201205012243A  
time shift:      4.5900
half duration:   2.5000
latitude:       14.3800
longitude:     -93.3500
depth:          13.0700
Mrr:       1.060000e+25
Mtt:      -8.970000e+24
Mpp:      -1.640000e+24
Mrt:       6.680000e+24
Mrp:      -6.040000e+24
Mtp:       4.200000e+24
