PDE 2015  9 16  7 40 59.90   1.8500  126.3800  52.7 0.0 6.3 NORTHERN MOLUCCA SEA                    
event name:     201509160740A  
time shift:      4.0200
half duration:   3.5000
latitude:        2.0100
longitude:     126.5100
depth:          32.3800
Mrr:       3.430000e+25
Mtt:      -4.960000e+24
Mpp:      -2.930000e+25
Mrt:       3.510000e+24
Mrp:      -8.640000e+24
Mtp:      -1.660000e+25
