PDE 2009  8 18 21 20 47.50 -26.0600 -178.3900 269.8 5.5 6.3 SOUTH OF FIJI ISLANDS                   
event name:     200908182120A  
time shift:      3.7400
half duration:   3.5000
latitude:      -25.9900
longitude:    -178.0800
depth:         277.2700
Mrr:      -4.810000e+24
Mtt:      -3.060000e+25
Mpp:       3.540000e+25
Mrt:      -1.290000e+25
Mrp:      -4.010000e+24
Mtp:       3.860000e+24
