PDE 2012  5 20  2  3 51.80  44.9000   11.2300   8.3 5.8 6.1 NORTHERN ITALY                          
event name:     201205200203A  
time shift:      4.3900
half duration:   2.7000
latitude:       44.8900
longitude:      11.4400
depth:          12.0000
Mrr:       1.470000e+25
Mtt:      -1.390000e+25
Mpp:      -7.640000e+23
Mrt:      -5.280000e+24
Mrp:       7.670000e+24
Mtp:       3.730000e+24
