 PDEW2014 11  7 17 13  0.60  38.3500   22.2700   5.8 0.0 4.9 GREECE                                  
event name:     201411071713A  
time shift:      0.4700
half duration:   0.9000
latitude:       38.1500
longitude:      22.1200
depth:          13.2500
Mrr:      -5.540000e+23
Mtt:       5.540000e+23
Mpp:      -6.510000e+20
Mrt:      -1.170000e+23
Mrp:      -1.100000e+23
Mtp:      -2.120000e+22

