PDE 2013  2 22 12  1 58.20 -27.9300  -63.1000 575.2 5.8 6.2 SANTIAGO DEL ESTERO PROV                
event name:     201302221201A  
time shift:      3.3400
half duration:   2.7000
latitude:      -27.8900
longitude:     -63.0000
depth:         585.7200
Mrr:      -6.550000e+24
Mtt:      -4.650000e+24
Mpp:       1.120000e+25
Mrt:      -8.370000e+24
Mrp:       1.170000e+25
Mtp:      -5.420000e+24
