PDE 2010 10  4 13 28 38.90  24.2700  125.1500  32.0 6.2 6.3 SOUTHWESTERN RYUKYU ISL.                
event name:     201010041328A  
time shift:      2.3200
half duration:   3.3000
latitude:       24.0900
longitude:     125.2600
depth:          32.1900
Mrr:       1.910000e+25
Mtt:      -7.740000e+24
Mpp:      -1.140000e+25
Mrt:       1.230000e+25
Mrp:       7.660000e+24
Mtp:       2.390000e+25
