PDE 2008  9 10 11  0 34.10  26.7400   55.8300  12.0 6.1 6.1 SOUTHERN IRAN                           
event name:     200809101100A  
time shift:      4.2600
half duration:   2.7000
latitude:       26.6500
longitude:      55.7200
depth:          12.0000
Mrr:       1.340000e+25
Mtt:      -1.350000e+25
Mpp:       8.800001e+22
Mrt:       7.180001e+24
Mrp:       1.860000e+24
Mtp:      -9.050000e+24
