PDE 2009 11 28 18 10 20.60   5.3300  126.2900  38.8 5.7 6.1 MINDANAO, PHILIPPINES                   
event name:     200911281810A  
time shift:      3.8600
half duration:   2.6000
latitude:        5.3900
longitude:     126.5400
depth:          24.8400
Mrr:       5.360000e+24
Mtt:       3.800000e+24
Mpp:      -9.150000e+24
Mrt:       4.240000e+24
Mrp:       1.310000e+25
Mtp:       2.240000e+23
