PDE 2008  4 19  5 58 42.20 -20.2700  168.8000  14.0 5.7 6.3 LOYALTY ISLANDS                         
event name:     200804190558A  
time shift:      6.2400
half duration:   3.2000
latitude:      -20.3600
longitude:     168.7200
depth:          12.0000
Mrr:       1.570000e+25
Mtt:      -2.380000e+25
Mpp:       8.100000e+24
Mrt:      -2.680000e+22
Mrp:       1.640000e+25
Mtp:       1.270000e+25
