PDE 2011  7 20 22  4 59.30 -10.3400  162.0100  21.0 5.9 6.0 SOLOMON ISLANDS                         
event name:     201107202204A  
time shift:      4.8000
half duration:   2.3000
latitude:      -10.3000
longitude:     162.2000
depth:          29.1500
Mrr:       6.710001e+24
Mtt:      -2.500000e+24
Mpp:      -4.210000e+24
Mrt:       2.320000e+24
Mrp:       5.950000e+24
Mtp:       6.960000e+24
