PDE 2011 11  8  2 59  8.50  27.3200  125.6200 224.9 6.5 6.9 NORTHEAST OF TAIWAN                     
event name:     201111080259A  
time shift:      3.4800
half duration:   7.0000
latitude:       27.1300
longitude:     125.7700
depth:         230.6000
Mrr:      -2.650000e+26
Mtt:       1.230000e+25
Mpp:       2.530000e+26
Mrt:      -8.419999e+25
Mrp:      -1.070000e+26
Mtp:      -5.500000e+25
