PDE 2014  9  6 19 22 59.00  18.7500 -107.0500  17.0 0.0 6.2 OFF COAST OF JALISCO, ME                
event name:     201409061923A  
time shift:      8.8900
half duration:   2.8000
latitude:       18.9300
longitude:    -107.3800
depth:          24.5600
Mrr:      -6.900001e+23
Mtt:      -1.220000e+25
Mpp:       1.290000e+25
Mrt:       6.110000e+23
Mrp:       7.340000e+23
Mtp:      -1.490000e+25
