PDE 2009  5 24 16 17 50.80  41.3000   22.7100   0.1 5.2 5.3 NORTHWESTERN BALKAN REGI                
event name:     200905241617A  
time shift:      2.8400
half duration:   1.1000
latitude:       41.1700
longitude:      22.7900
depth:          12.8400
Mrr:      -9.170000e+23
Mtt:       1.040000e+24
Mpp:      -1.210000e+23
Mrt:       1.950000e+23
Mrp:      -3.910000e+23
Mtp:       1.450000e+23
