 PDEW2009  7  2 19 47 50.20  34.2500   25.2200  22.0 4.7 4.2 CRETE, GREECE                           
event name:     200907021947A  
time shift:     -0.9900
half duration:   0.6000
latitude:       34.0400
longitude:      25.5100
depth:          12.4100
Mrr:       1.230000e+23
Mtt:      -1.060000e+23
Mpp:      -1.720000e+22
Mrt:       1.430000e+21
Mrp:       1.120000e+23
Mtp:       7.240000e+22

