PDE 2015  7 16 15 16 32.20  13.8800  -58.5100  10.0 0.0 6.4 NORTH ATLANTIC OCEAN                    
event name:     201507161516A  
time shift:      6.3700
half duration:   4.1000
latitude:       13.9500
longitude:     -58.3700
depth:          19.2700
Mrr:      -1.040000e+25
Mtt:      -5.270000e+25
Mpp:       6.310000e+25
Mrt:       4.410000e+24
Mrp:       1.940000e+24
Mtp:       1.530000e+25
