PDE 2012  7  6  2 28 22.20 -14.6600  167.3400 160.1 5.7 6.3 VANUATU ISLANDS                         
event name:     201207060228A  
time shift:      4.0600
half duration:   3.8000
latitude:      -14.7400
longitude:     167.1900
depth:         168.7300
Mrr:       4.040000e+25
Mtt:      -3.850000e+24
Mpp:      -3.650000e+25
Mrt:      -1.450000e+25
Mrp:      -8.340001e+24
Mtp:       1.960000e+25
