PDE 2013  9 16 15  1 14.40  38.7100   22.7300   7.7 5.1 5.3 GREECE                                  
event name:     201309161501A  
time shift:      1.8000
half duration:   1.1000
latitude:       38.6100
longitude:      22.7700
depth:          12.0000
Mrr:      -1.020000e+24
Mtt:       1.090000e+24
Mpp:      -6.610000e+22
Mrt:       7.110000e+22
Mrp:      -2.500000e+23
Mtp:      -2.250000e+23
