PDE 2015  4 25  6 45 21.30  28.2200   84.8200  10.0 0.0 6.6 NEPAL                                   
event name:     201504250645A  
time shift:      8.0700
half duration:   5.2000
latitude:       27.8600
longitude:      84.9300
depth:          21.0400
Mrr:       6.820000e+25
Mtt:      -7.390000e+25
Mpp:       5.680000e+24
Mrt:       9.650000e+25
Mrp:       1.900000e+25
Mtp:       2.530000e+25
