PDE 2014  5  7  4 20 33.90  -6.9600  154.9000  10.0 0.0 6.0 SOLOMON ISLANDS                         
event name:     201405070420A  
time shift:      6.8000
half duration:   2.4000
latitude:       -7.0300
longitude:     154.8400
depth:          13.0300
Mrr:       1.270000e+24
Mtt:      -1.050000e+25
Mpp:       9.220000e+24
Mrt:       5.850000e+24
Mrp:      -1.370000e+24
Mtp:       1.640000e+24
