PDE 2012  3  4  3 31  8.40  40.1300   24.0600   2.5 5.4 5.3 AEGEAN SEA                              
event name:     201203040331A  
time shift:      1.3800
half duration:   1.1000
latitude:       40.0700
longitude:      24.0100
depth:          12.0000
Mrr:      -1.040000e+24
Mtt:       7.630000e+23
Mpp:       2.780000e+23
Mrt:      -1.690000e+22
Mrp:      -1.430000e+23
Mtp:      -5.070000e+23
