PDE 2009  7 12  6 12 47.30 -15.0400  -70.4400 198.9 5.7 6.1 SOUTHERN PERU                           
event name:     200907120612A  
time shift:      3.4800
half duration:   2.9000
latitude:      -15.2500
longitude:     -70.7500
depth:         197.1500
Mrr:      -1.370000e+25
Mtt:       1.330000e+25
Mpp:       3.650000e+23
Mrt:       1.060000e+25
Mrp:      -8.710000e+24
Mtp:      -7.780001e+24
