PDE 2013  1 15 16  9 37.10 -62.5700 -161.4300  10.0 5.5 6.1 PACIFIC-ANTARCTIC RIDGE                 
event name:     201301151609A  
time shift:      6.4800
half duration:   2.7000
latitude:      -62.6000
longitude:    -161.9400
depth:          12.0000
Mrr:      -1.810000e+24
Mtt:       1.660000e+25
Mpp:      -1.480000e+25
Mrt:      -3.070000e+24
Mrp:       3.430000e+24
Mtp:       3.510000e+24
