PDE 2011  7 25 17 57 20.60  40.8000   27.7500  16.4 4.9 5.2 TURKEY                                  
event name:     201107251757A  
time shift:      1.7600
half duration:   0.9000
latitude:       40.8000
longitude:      27.7200
depth:          12.0000
Mrr:      -1.380000e+23
Mtt:       2.520000e+23
Mpp:      -1.140000e+23
Mrt:      -3.170000e+23
Mrp:      -1.820000e+22
Mtp:      -3.850000e+23
