PDE 2012  1 27  1 33 24.00  36.0400   25.0600   5.2 5.3 5.3 DODECANESE ISLANDS, GREE                
event name:     201201270133A  
time shift:      1.3300
half duration:   1.2000
latitude:       35.8900
longitude:      24.8800
depth:          15.5900
Mrr:      -5.470000e+23
Mtt:       2.280000e+23
Mpp:       3.190000e+23
Mrt:       1.090000e+23
Mrp:       1.400000e+24
Mtp:       7.720000e+23
