PDE 2009  4 18 19 17 58.90  46.0100  151.4300  35.0 6.3 6.6 KURIL ISLANDS                           
event name:     200904181917A  
time shift:      7.1400
half duration:   4.9000
latitude:       45.9600
longitude:     151.7400
depth:          50.3800
Mrr:       8.590000e+25
Mtt:      -3.370000e+25
Mpp:      -5.220000e+25
Mrt:       1.310000e+25
Mrp:       4.620000e+25
Mtp:      -4.740000e+25
