 PDEW2014  4 14 20 41 23.30  34.1000   25.8700  12.3 0.0 5.0 CRETE, GREECE                           
event name:     201404142041A  
time shift:      1.6000
half duration:   1.0000
latitude:       33.9500
longitude:      25.7500
depth:          24.7400
Mrr:      -7.770000e+22
Mtt:      -4.930000e+23
Mpp:       5.700000e+23
Mrt:       2.770000e+23
Mrp:       3.710000e+23
Mtp:      -3.330000e+23

