PDE 2012  9 12  3 27 46.30  34.7800   24.1100  32.5 5.7 5.5 CRETE, GREECE                           
event name:     201209120327A  
time shift:      0.2000
half duration:   1.2000
latitude:       34.3500
longitude:      24.0400
depth:          40.6000
Mrr:       9.960001e+23
Mtt:      -1.050000e+24
Mpp:       5.230000e+22
Mrt:       7.760000e+23
Mrp:      -5.480000e+23
Mtp:       5.120000e+23
