PDE 2014  7 19 12 27 10.00 -15.8200 -174.4500 227.3 0.0 6.2 TONGA ISLANDS                           
event name:     201407191227A  
time shift:      6.4200
half duration:   3.1000
latitude:      -15.6400
longitude:    -174.1800
depth:         233.8000
Mrr:       4.090000e+24
Mtt:      -1.220000e+24
Mpp:      -2.870000e+24
Mrt:      -4.090000e+24
Mrp:       2.440000e+25
Mtp:      -7.590000e+24
