PDE 2010 11 30  3 24 41.60  28.3600  139.1500 486.7 5.9 6.8 BONIN ISLANDS, JAPAN REG                
event name:     201011300324A  
time shift:      7.5200
half duration:   6.0000
latitude:       28.6900
longitude:     139.2600
depth:         460.6300
Mrr:      -6.660000e+25
Mtt:       1.070000e+26
Mpp:      -4.000000e+25
Mrt:       6.380000e+25
Mrp:      -1.420000e+26
Mtp:      -5.820000e+25
