PDE 2014  3 21 13 41  9.50   7.7400   94.3300  21.5 0.0 6.4 NICOBAR ISLANDS, INDIA R                
event name:     201403211341A  
time shift:      3.0000
half duration:   3.9000
latitude:        7.7300
longitude:      94.3200
depth:          15.5100
Mrr:      -6.110000e+24
Mtt:      -3.650000e+25
Mpp:       4.260000e+25
Mrt:      -1.440000e+25
Mrp:       6.850000e+23
Mtp:       2.780000e+25
