PDE 2008  6  8 12 25 29.70  37.9600   21.5200  16.0 6.2 6.3 SOUTHERN GREECE                         
event name:     200806081225A  
time shift:      7.1700
half duration:   3.8000
latitude:       37.9300
longitude:      21.6300
depth:          24.7300
Mrr:      -2.890000e+24
Mtt:       3.870000e+25
Mpp:      -3.580000e+25
Mrt:      -1.390000e+25
Mrp:      -7.900000e+24
Mtp:       2.160000e+25
