PDE 2013  6 21 10 33 57.00  44.1500   10.1400   5.1 5.1 5.4 NORTHERN ITALY                          
event name:     201306211033A  
time shift:      3.3100
half duration:   1.1000
latitude:       44.1000
longitude:      10.1700
depth:          12.0000
Mrr:      -1.010000e+24
Mtt:       1.150000e+24
Mpp:      -1.380000e+23
Mrt:      -4.640000e+23
Mrp:       1.500000e+23
Mtp:      -1.730000e+23
