PDE 2009  8  3 17 59 56.20  29.0400 -112.9000  10.0 6.2 6.9 GULF OF CALIFORNIA                      
event name:     200908031800A  
time shift:     10.2800
half duration:   6.7000
latitude:       29.2200
longitude:    -113.5300
depth:          12.2400
Mrr:      -3.480000e+24
Mtt:      -2.500000e+26
Mpp:       2.540000e+26
Mrt:      -4.010000e+24
Mrp:      -1.600000e+25
Mtp:      -3.320000e+25
