PDE 2011  4  9 12 57 48.80  30.0000  131.7800  17.3 6.1 6.0 KYUSHU, JAPAN                           
event name:     201104091257A  
time shift:      1.2400
half duration:   2.4000
latitude:       30.0400
longitude:     131.8400
depth:          12.1700
Mrr:      -1.040000e+25
Mtt:      -5.350000e+23
Mpp:       1.090000e+25
Mrt:       2.520000e+24
Mrp:       3.520000e+24
Mtp:       1.800000e+24
