PDE 2009 10 14 18  0 21.80 -14.9100 -174.8200  10.0 5.7 6.3 SAMOA ISLANDS REGION                    
event name:     200910141800A  
time shift:      7.5500
half duration:   3.2000
latitude:      -14.9000
longitude:    -174.6100
depth:          12.7300
Mrr:       5.510000e+23
Mtt:      -9.330000e+24
Mpp:       8.780000e+24
Mrt:      -2.770000e+24
Mrp:       4.500000e+24
Mtp:       2.590000e+25
