PDE 2012  8 10 18 37 43.10  52.6300 -167.4200  13.0 5.9 6.2 FOX ISLANDS, ALEUTIAN IS                
event name:     201208101837A  
time shift:      5.8000
half duration:   3.0000
latitude:       52.3900
longitude:    -167.3200
depth:          13.3000
Mrr:       1.560000e+25
Mtt:      -9.010000e+24
Mpp:      -6.630000e+24
Mrt:       1.410000e+25
Mrp:       1.020000e+25
Mtp:      -8.640000e+24
