PDE 2010  6 16  3 16 27.50  -2.1700  136.5400  18.0 6.7 7.1 IRIAN JAYA REGION, INDON                
event name:     201006160316A  
time shift:     11.8200
half duration:   7.7000
latitude:       -1.8700
longitude:     136.3600
depth:          12.0000
Mrr:      -2.740000e+25
Mtt:      -3.160000e+26
Mpp:       3.440000e+26
Mrt:       7.940000e+25
Mrp:      -1.330000e+25
Mtp:       2.100000e+26
