PDE 2009  6  4 17 25 25.50 -45.8300   35.1400  16.0 5.5 6.0 PRINCE EDWARD ISLANDS RE                
event name:     200906041725A  
time shift:      6.7800
half duration:   2.6000
latitude:      -45.5600
longitude:      35.0300
depth:          20.4900
Mrr:      -3.460000e+24
Mtt:       1.050000e+25
Mpp:      -7.030000e+24
Mrt:      -1.040000e+24
Mrp:       1.790000e+23
Mtp:       1.130000e+25
