PDE 2012  4 17  3 50 15.60 -32.6200  -71.3600  29.0 6.2 6.7 NEAR COAST OF CENTRAL CH                
event name:     201204170350A  
time shift:      8.7300
half duration:   5.4000
latitude:      -32.7700
longitude:     -71.6900
depth:          39.5600
Mrr:       9.700000e+25
Mtt:       2.230000e+24
Mpp:      -9.930000e+25
Mrt:       9.079999e+24
Mrp:      -9.080000e+25
Mtp:       2.660000e+24
