PDE 2010  8  4 23 48  2.10  45.9800  153.1800  27.8 5.6 5.5 EAST OF KURIL ISLANDS                   
event name:     201008042348A  
time shift:      2.6800
half duration:   2.4000
latitude:       46.0100
longitude:     153.4300
depth:          31.0500
Mrr:      -1.290000e+25
Mtt:       8.360000e+24
Mpp:       4.530000e+24
Mrt:       1.190000e+24
Mrp:      -8.120000e+23
Mtp:       3.800000e+24
