PDE 2012 10 28 18 54 20.80  52.6700 -132.6000   9.0 5.9 6.3 QUEEN CHARLOTTE ISLANDS                 
event name:     201210281854A  
time shift:      7.6100
half duration:   3.7000
latitude:       52.5600
longitude:    -132.7800
depth:          12.0000
Mrr:      -4.310000e+25
Mtt:       1.580000e+25
Mpp:       2.740000e+25
Mrt:       4.150000e+24
Mrp:      -9.160000e+24
Mtp:      -2.310000e+25
