PDE 2011  6 16  0  3 35.80  -5.9300  151.0400  16.0 6.1 6.5 NEW BRITAIN REGION, P.N.                
event name:     201106160003A  
time shift:      7.6100
half duration:   3.6000
latitude:       -6.1200
longitude:     151.2100
depth:          21.5000
Mrr:       3.480000e+24
Mtt:      -2.410000e+25
Mpp:       2.060000e+25
Mrt:       3.480000e+25
Mrp:      -1.250000e+25
Mtp:       5.630000e+24
