PDE 2015  8 13 10 39 53.30 -37.0300   78.0600  10.0 0.0 5.5 MID-INDIAN RIDGE                        
event name:     201508131039A  
time shift:      6.6000
half duration:   2.4000
latitude:      -36.7900
longitude:      78.4600
depth:          12.0000
Mrr:      -5.080000e+22
Mtt:      -1.080000e+25
Mpp:       1.080000e+25
Mrt:       1.120000e+24
Mrp:       2.730000e+24
Mtp:       1.290000e+24
