PDE 2009  7  4  6 49 35.50   9.5900  -78.9700  38.0 6.0 6.0 PANAMA                                  
event name:     200907040649A  
time shift:      5.6900
half duration:   2.6000
latitude:        9.8200
longitude:     -78.9700
depth:          43.3400
Mrr:       6.190000e+24
Mtt:      -1.450000e+25
Mpp:       8.320000e+24
Mrt:       5.390000e+24
Mrp:      -5.030000e+24
Mtp:       2.850000e+24
