PDE 2010  3  5 16  7  0.70  -3.7600  100.9800  26.0 6.0 6.8 SOUTHERN SUMATRA, INDONE                
event name:     201003051606A  
time shift:      7.1400
half duration:   5.0000
latitude:       -4.0400
longitude:     100.5200
depth:          20.0000
Mrr:       5.020000e+25
Mtt:      -2.610000e+25
Mpp:      -2.410000e+25
Mrt:       9.620000e+25
Mrp:      -6.300000e+25
Mtp:       2.680000e+25
