PDE 2014  4 11  8 16 45.70  -6.7900  154.9500  20.0 0.0 6.5 SOLOMON ISLANDS                         
event name:     201404110816A  
time shift:      8.3000
half duration:   4.3000
latitude:       -7.0400
longitude:     154.9900
depth:          28.7900
Mrr:       5.710000e+25
Mtt:      -3.530000e+25
Mpp:      -2.180000e+25
Mrt:       2.620000e+25
Mrp:      -2.920000e+25
Mtp:       2.630000e+25
