PDE 2011  7 19  7 13 12.20  37.2100   19.9200   9.0 5.1 5.1 IONIAN SEA                              
event name:     201107190713A  
time shift:      8.8500
half duration:   0.9000
latitude:       37.3100
longitude:      20.1200
depth:          17.3900
Mrr:       4.900000e+23
Mtt:      -1.880000e+23
Mpp:      -3.020000e+23
Mrt:       2.940000e+23
Mrp:      -1.670000e+23
Mtp:       2.300000e+23
