 PDEW2014 11  8 23 15 42.20  38.1000   20.4400  18.0 0.0 5.1 GREECE                                  
event name:     201411082315A  
time shift:      2.8700
half duration:   0.9000
latitude:       38.0100
longitude:      20.3100
depth:          16.1400
Mrr:       2.240000e+23
Mtt:      -2.440000e+23
Mpp:       1.950000e+22
Mrt:       8.570000e+22
Mrp:       2.250000e+23
Mtp:       5.280000e+23

