PDE 2012 11  7  6 26 32.80  38.4200   46.6200  10.0 5.4 5.6 ARMENIA-AZERBAIJAN-IRAN                 
event name:     201211070626A  
time shift:      0.5300
half duration:   1.5000
latitude:       38.4000
longitude:      46.6100
depth:          15.0000
Mrr:       4.670000e+23
Mtt:      -4.630000e+23
Mpp:      -3.620000e+21
Mrt:       2.680000e+23
Mrp:      -2.540000e+23
Mtp:      -2.730000e+24
