PDE 2010  2  6  4 44 58.40  46.8400  152.7300  30.0 5.9 6.0 KURIL ISLANDS                           
event name:     201002060444A  
time shift:      6.4900
half duration:   2.4000
latitude:       46.6500
longitude:     152.9600
depth:          51.1500
Mrr:       7.620000e+24
Mtt:      -8.960000e+24
Mpp:       1.340000e+24
Mrt:       7.620000e+24
Mrp:      -2.800000e+24
Mtp:      -4.140000e+24
