PDE 2012  7 25 11 20 27.00  -9.6900  159.7300  20.0 6.4 6.5 SOLOMON ISLANDS                         
event name:     201207251120A  
time shift:      8.3500
half duration:   4.1000
latitude:       -9.8400
longitude:     159.7100
depth:          24.7200
Mrr:       1.620000e+24
Mtt:       1.880000e+24
Mpp:      -3.500000e+24
Mrt:       5.600000e+25
Mrp:      -5.540000e+24
Mtp:       1.680000e+25
