PDE 2008  1 22  7 55 48.90 -15.2800 -175.3500   6.0 5.6 6.0 TONGA ISLANDS                           
event name:     200801220755A  
time shift:      5.0200
half duration:   2.5000
latitude:      -15.2500
longitude:    -175.1700
depth:          14.6000
Mrr:       7.750000e+22
Mtt:       4.750000e+24
Mpp:      -4.830000e+24
Mrt:       4.810000e+23
Mrp:       7.390000e+23
Mtp:       1.280000e+25
