PDE 2012 11 16 18 12 39.90  49.2800  155.4300  29.0 0.0 6.5 KURIL ISLANDS                           
event name:     201211161812A  
time shift:      5.0800
half duration:   4.2000
latitude:       49.2200
longitude:     155.8700
depth:          40.9200
Mrr:       5.800000e+25
Mtt:      -1.680000e+25
Mpp:      -4.120000e+25
Mrt:       1.440000e+25
Mrp:       2.510000e+25
Mtp:      -2.830000e+25
