PDE 2013  1 30 23  3 43.70 -10.6300  166.3700  10.0 5.8 6.1 SANTA CRUZ ISLANDS                      
event name:     201301302303A  
time shift:      5.6900
half duration:   2.6000
latitude:      -10.4200
longitude:     166.3400
depth:          12.0000
Mrr:      -3.280000e+24
Mtt:       3.270000e+24
Mpp:       7.730000e+21
Mrt:       2.910000e+24
Mrp:       4.170000e+24
Mtp:      -1.450000e+25
