PDE 2010  7 18 13 34 59.30  -5.9300  150.5900  35.0 6.1 7.3 NEW BRITAIN REGION, P.N.                
event name:     201007181335A  
time shift:     13.7600
half duration:  11.2000
latitude:       -6.2200
longitude:     150.3300
depth:          36.6700
Mrr:       1.020000e+27
Mtt:      -1.030000e+27
Mpp:       5.850000e+24
Mrt:       6.260000e+26
Mrp:      -9.500001e+24
Mtp:      -1.540000e+26
