PDE 2011  8 24 17 46 11.60  -7.6400  -74.5300 147.0 6.8 7.0 PERU-BRAZIL BORDER REGIO                
event name:     201108241746A  
time shift:      3.8800
half duration:   7.9000
latitude:       -7.6800
longitude:     -74.6600
depth:         144.3900
Mrr:      -3.310000e+26
Mtt:      -1.030000e+26
Mpp:       4.340000e+26
Mrt:       1.220000e+26
Mrp:      -1.200000e+26
Mtp:      -4.080000e+25
