PDE 2009  8 28  1 51 20.40  -7.1500  123.4300 642.4 6.3 6.9 BANDA SEA                               
event name:     200908280151A  
time shift:      5.5400
half duration:   6.8000
latitude:       -7.0900
longitude:     123.4600
depth:         634.4100
Mrr:      -1.700000e+26
Mtt:       1.960000e+26
Mpp:      -2.590000e+25
Mrt:      -8.949999e+25
Mrp:       1.580000e+26
Mtp:      -9.040000e+25
