PDE 2014  4 20  0 15 58.10  -7.1600  155.3400  20.0 0.0 6.2 SOLOMON ISLANDS                         
event name:     201404200015A  
time shift:      5.6100
half duration:   3.0000
latitude:       -7.3100
longitude:     155.3400
depth:          20.4900
Mrr:       1.730000e+25
Mtt:      -9.060000e+24
Mpp:      -8.240000e+24
Mrt:       9.490001e+24
Mrp:      -1.180000e+25
Mtp:       9.970001e+24
