PDE 2015  1 30 17 57 56.40 -21.2500  170.1600   7.1 0.0 6.0 SOUTHEAST OF LOYALTY ISL                
event name:     201501301757A  
time shift:      6.1500
half duration:   2.4000
latitude:      -21.2300
longitude:     170.2600
depth:          14.7600
Mrr:      -2.790000e+24
Mtt:      -7.820001e+24
Mpp:       1.060000e+25
Mrt:       2.390000e+24
Mrp:       1.870000e+24
Mtp:      -5.930000e+24
