PDE 2015  5 24  4 53 23.60 -16.8500  -14.1700  10.0 0.0 6.3 SOUTHERN MID-ATLANTIC RI                
event name:     201505240453A  
time shift:      5.1400
half duration:   3.5000
latitude:      -16.7800
longitude:     -14.1000
depth:          12.0000
Mrr:       3.660000e+25
Mtt:      -8.850000e+23
Mpp:      -3.570000e+25
Mrt:      -1.050000e+24
Mrp:      -1.180000e+24
Mtp:       5.220000e+24
