PDE 2012  2  3  3 46 21.10 -17.3800  167.2800   8.0 5.9 6.1 VANUATU ISLANDS                         
event name:     201202030346A  
time shift:      5.4600
half duration:   2.7000
latitude:      -17.4000
longitude:     167.1300
depth:          12.0000
Mrr:      -1.570000e+25
Mtt:      -3.920000e+23
Mpp:       1.610000e+25
Mrt:      -2.320000e+24
Mrp:       3.620000e+24
Mtp:       3.430000e+24
