PDE 2011  9  2 10 55 53.60  52.1700 -171.7100  32.0 6.5 6.9 FOX ISLANDS, ALEUTIAN IS                
event name:     201109021055A  
time shift:      6.0300
half duration:   6.5000
latitude:       51.9100
longitude:    -171.5600
depth:          39.3600
Mrr:       1.210000e+26
Mtt:       6.990000e+25
Mpp:      -1.900000e+26
Mrt:       6.460000e+25
Mrp:       1.430000e+26
Mtp:       7.449999e+25
