PDE 2009  8  5  8 31 40.50 -45.5500  166.3600  10.0 5.6 6.1 OFF W. COAST OF S. ISLAN                
event name:     200908050831A  
time shift:      5.8000
half duration:   2.7000
latitude:      -45.4800
longitude:     166.1300
depth:          12.0000
Mrr:       1.070000e+25
Mtt:      -2.210000e+23
Mpp:      -1.050000e+25
Mrt:       2.400000e+23
Mrp:      -1.210000e+25
Mtp:      -3.960000e+24
