 PDEW2014 11 17 23  5 58.10  38.6700   23.3800  21.2 0.0 5.4 GREECE                                  
event name:     201411172305A  
time shift:      0.5200
half duration:   1.1000
latitude:       38.5400
longitude:      23.4600
depth:          18.2000
Mrr:      -7.380000e+23
Mtt:       1.180000e+24
Mpp:      -4.420000e+23
Mrt:       3.010000e+23
Mrp:      -4.310000e+23
Mtp:       4.780000e+23

