PDE 2009  7  6 14 53 12.20  50.4400  176.9900  22.0 6.0 6.1 RAT ISLANDS, ALEUTIAN IS                
event name:     200907061453A  
time shift:      4.8200
half duration:   2.7000
latitude:       50.4600
longitude:     177.0000
depth:          35.8700
Mrr:      -5.140001e+24
Mtt:       8.630000e+24
Mpp:      -3.490000e+24
Mrt:      -4.070000e+24
Mrp:       1.180000e+25
Mtp:      -1.010000e+25
