PDE 2011  8  4 13 51 34.60  48.8300  154.7700  36.0 6.0 6.1 KURIL ISLANDS                           
event name:     201108041351A  
time shift:      3.2900
half duration:   2.7000
latitude:       48.7000
longitude:     155.2800
depth:          43.5300
Mrr:       1.620000e+25
Mtt:      -3.880000e+24
Mpp:      -1.230000e+25
Mrt:       3.320000e+24
Mrp:       4.690000e+24
Mtp:      -7.130000e+24
