PDE 2014  3 26  3 29 35.70 -26.1700  179.2900 495.0 0.0 6.3 SOUTH OF FIJI ISLANDS                   
event name:     201403260329A  
time shift:      5.5300
half duration:   3.7000
latitude:      -26.1400
longitude:     179.3200
depth:         510.0000
Mrr:       1.820000e+25
Mtt:      -1.260000e+25
Mpp:      -5.520000e+24
Mrt:       1.220000e+25
Mrp:      -1.980000e+25
Mtp:      -3.300000e+25
