PDE 2012 11 15  9 20 21.90  18.3500 -100.3800  53.0 5.7 6.1 GUERRERO, MEXICO                        
event name:     201211150920A  
time shift:      1.5800
half duration:   2.6000
latitude:       18.3000
longitude:    -100.4800
depth:          52.6900
Mrr:      -1.520000e+25
Mtt:       1.390000e+25
Mpp:       1.210000e+24
Mrt:      -4.020000e+24
Mrp:      -3.850000e+23
Mtp:      -5.400000e+24
