PDE 2009 11 13  3  5 57.20 -19.3900  -70.3200  27.0 6.2 6.5 NEAR COAST OF NORTHERN C                
event name:     200911130306A  
time shift:      7.6900
half duration:   4.4000
latitude:      -19.6000
longitude:     -71.0100
depth:          36.1600
Mrr:       5.280000e+25
Mtt:      -1.200000e+24
Mpp:      -5.160000e+25
Mrt:       1.780000e+25
Mrp:      -4.820000e+25
Mtp:       2.000000e+25
