PDE 2008 11 16 17  2 32.70   1.2700  122.0900  30.0 6.5 7.3 MINAHASSA PENINSULA, SUL                
event name:     200811161702A  
time shift:     11.0700
half duration:  11.5000
latitude:        1.5000
longitude:     122.0500
depth:          29.2400
Mrr:       8.250000e+26
Mtt:      -8.550000e+26
Mpp:       3.020000e+25
Mrt:      -9.940000e+26
Mrp:       1.500000e+26
Mtp:       7.740001e+25
