PDE 2010  3  4 22 39 26.50 -22.2300  -68.3300 114.0 6.3 6.4 NORTHERN CHILE                          
event name:     201003042239A  
time shift:      3.3000
half duration:   3.5000
latitude:      -22.3600
longitude:     -68.6900
depth:         118.7100
Mrr:      -2.300000e+25
Mtt:      -8.320000e+24
Mpp:       3.130000e+25
Mrt:      -1.790000e+24
Mrp:      -2.550000e+25
Mtp:      -6.350000e+24
