PDE 2008 10 16 19 41 25.70  14.4200  -92.3600  24.0 6.1 6.7 NEAR COAST OF CHIAPAS, M                
event name:     200810161941A  
time shift:      5.5900
half duration:   5.2000
latitude:       14.2800
longitude:     -92.9000
depth:          29.8900
Mrr:       8.710000e+25
Mtt:      -7.070000e+25
Mpp:      -1.640000e+25
Mrt:       5.670000e+25
Mrp:      -5.060000e+25
Mtp:       4.300000e+25
