PDE 2009  6 12  9 44 15.10 -17.6100  167.8100  15.0 5.5 6.0 VANUATU ISLANDS                         
event name:     200906120944A  
time shift:      6.2800
half duration:   2.3000
latitude:      -17.5200
longitude:     167.6300
depth:          19.5000
Mrr:       8.520000e+24
Mtt:       1.430000e+23
Mpp:      -8.660000e+24
Mrt:       2.690000e+24
Mrp:      -6.110000e+24
Mtp:       1.480000e+24
