PDE 2014 12 30 21 17 24.00 -20.3400 -178.5500 598.2 0.0 6.1 FIJI ISLANDS REGION                     
event name:     201412302117A  
time shift:      2.3900
half duration:   2.5000
latitude:      -20.3400
longitude:    -178.5200
depth:         615.2900
Mrr:      -7.540000e+24
Mtt:      -3.720000e+23
Mpp:       7.910000e+24
Mrt:      -7.790000e+24
Mrp:      -8.390000e+24
Mtp:       3.370000e+24
