PDE 2008 11 24  9  2 58.80  54.2000  154.3200 492.3 6.5 7.3 SEA OF OKHOTSK                          
event name:     200811240902A  
time shift:     10.6800
half duration:  10.9000
latitude:       54.2700
longitude:     154.7100
depth:         502.2700
Mrr:      -3.900000e+26
Mtt:       4.500000e+26
Mpp:      -6.020000e+25
Mrt:      -4.730000e+26
Mrp:      -9.100000e+26
Mtp:       1.690000e+26
