PDE 2013  1 21 22 22 52.80   4.9300   95.9100  12.0 5.8 6.1 NORTHERN SUMATRA, INDONE                
event name:     201301212222A  
time shift:      2.3100
half duration:   2.7000
latitude:        4.9500
longitude:      96.0200
depth:          17.1200
Mrr:      -8.020000e+23
Mtt:      -1.560000e+25
Mpp:       1.640000e+25
Mrt:      -7.440000e+24
Mrp:       1.220000e+22
Mtp:      -3.130000e+24
