PDE 2011 11  9 19 23 33.20  38.4300   43.2300   5.0 5.6 5.7 TURKEY                                  
event name:     201111091923A  
time shift:      3.8000
half duration:   1.7000
latitude:       38.3000
longitude:      43.2800
depth:          13.4700
Mrr:      -1.010000e+24
Mtt:       7.530000e+23
Mpp:       2.610000e+23
Mrt:      -6.630000e+23
Mrp:       1.310000e+24
Mtp:      -4.050000e+24
