PDE 2011  3 12  1 47 15.40  37.5900  142.6500  20.0 6.2 6.5 OFF EAST COAST OF HONSHU                
event name:     201103120147A  
time shift:      4.7000
half duration:   4.3000
latitude:       37.5700
longitude:     142.8400
depth:          13.6000
Mrr:      -4.950000e+25
Mtt:       1.210000e+25
Mpp:       3.740000e+25
Mrt:      -3.620000e+25
Mrp:      -2.700000e+25
Mtp:       2.370000e+25
