PDE 2011  9  9 19 41 34.20  49.5300 -126.8900  22.0 6.3 6.5 VANCOUVER ISLAND, CANADA                
event name:     201109091941A  
time shift:      2.3000
half duration:   4.1000
latitude:       49.2700
longitude:    -127.1700
depth:          25.0800
Mrr:      -6.150000e+24
Mtt:      -1.610000e+25
Mpp:       2.220000e+25
Mrt:       1.980000e+24
Mrp:      -2.780000e+25
Mtp:       5.140000e+25
