PDE 2009  9 29 17 48 11.00 -15.4900 -172.1000  18.0 7.1 8.1 SAMOA ISLANDS REGION                    
event name:     200909291748A  
time shift:     15.8100
half duration:  26.8000
latitude:      -15.1300
longitude:    -171.9700
depth:          12.0000
Mrr:      -1.300000e+28
Mtt:       5.220000e+27
Mpp:       7.730000e+27
Mrt:      -2.950000e+27
Mrp:      -9.720000e+27
Mtp:      -7.250000e+27
