PDE 2011  3 22  9 19  6.20  37.3300  141.7900  31.0 5.9 6.3 NEAR EAST COAST OF HONSH                
event name:     201103220919A  
time shift:      3.4200
half duration:   3.1000
latitude:       37.3800
longitude:     141.7800
depth:          29.8900
Mrr:      -2.020000e+24
Mtt:       4.410000e+24
Mpp:      -2.390000e+24
Mrt:      -2.450000e+25
Mrp:       5.160000e+24
Mtp:       6.540000e+24
