PDE 2009  4  6  1 32 39.00  42.3300   13.3300   8.8 5.9 6.3 CENTRAL ITALY                           
event name:     200904060132A  
time shift:     10.1900
half duration:   3.5000
latitude:       42.2900
longitude:      13.3500
depth:          12.0000
Mrr:      -3.300000e+25
Mtt:       1.430000e+25
Mpp:       1.870000e+25
Mrt:      -1.430000e+25
Mrp:      -2.690000e+24
Mtp:      -1.770000e+25
