PDE 2014  4 11  7  7 23.10  -6.5900  155.0500  60.5 0.0 7.1 SOLOMON ISLANDS                         
event name:     201404110707A  
time shift:     10.7500
half duration:   8.4000
latitude:       -6.7800
longitude:     155.0900
depth:          44.1000
Mrr:       4.950000e+26
Mtt:      -2.770000e+26
Mpp:      -2.180000e+26
Mrt:       2.710000e+25
Mrp:      -4.700000e+25
Mtp:       2.660000e+26
