PDE 2015  5 12  7  5 19.70  27.8100   86.0700  15.0 0.0 7.3 NEPAL                                   
event name:     201505120705A  
time shift:      7.8400
half duration:  10.1000
latitude:       27.6700
longitude:      86.0800
depth:          12.0000
Mrr:       2.700000e+26
Mtt:      -2.620000e+26
Mpp:      -8.260000e+24
Mrt:       8.250000e+26
Mrp:      -1.280000e+26
Mtp:       1.220000e+26
