PDE 2009  7 30  7 37 51.70  39.5900   39.7300  10.0 4.8 5.0 TURKEY                                  
event name:     200907300737A  
time shift:      2.5800
half duration:   0.8000
latitude:       39.5900
longitude:      39.6800
depth:          12.0000
Mrr:      -3.660000e+23
Mtt:       1.240000e+23
Mpp:       2.410000e+23
Mrt:      -5.860000e+22
Mrp:       1.250000e+22
Mtp:      -1.910000e+23
