PDE 2009  6 16 20  5 57.00 -54.3700    5.8700  10.0 5.8 6.1 BOUVET ISLAND REGION                    
event name:     200906162005A  
time shift:      4.7000
half duration:   2.9000
latitude:      -54.3700
longitude:       6.3200
depth:          12.0000
Mrr:      -3.140000e+24
Mtt:       2.110000e+25
Mpp:      -1.800000e+25
Mrt:       6.230000e+23
Mrp:      -6.720000e+22
Mtp:       5.340000e+24
