PDE 2010  8 22 10 22 58.00  37.2400   19.9500  24.0 5.3 5.4 IONIAN SEA                              
event name:     201008221023A  
time shift:      7.2200
half duration:   1.3000
latitude:       37.2700
longitude:      19.9500
depth:          17.0200
Mrr:       1.060000e+24
Mtt:      -4.260000e+23
Mpp:      -6.320000e+23
Mrt:       1.260000e+24
Mrp:      -1.270000e+24
Mtp:       5.320000e+23
