PDE 2012  1 21 18 47 11.60  14.8700  -93.0000  45.0 5.9 6.3 NEAR COAST OF CHIAPAS, M                
event name:     201201211847A  
time shift:      2.7600
half duration:   3.0000
latitude:       14.8500
longitude:     -93.3500
depth:          59.8900
Mrr:      -1.770000e+25
Mtt:       1.140000e+24
Mpp:       1.660000e+25
Mrt:       8.990000e+24
Mrp:      -7.870000e+24
Mtp:      -1.350000e+25
