PDE 2014  5  6 20 52 28.30 -36.1700  -97.0500  16.8 0.0 6.3 WEST CHILE RISE                         
event name:     201405062052A  
time shift:      6.5400
half duration:   3.2000
latitude:      -36.4000
longitude:     -97.6000
depth:          16.1500
Mrr:      -1.650000e+24
Mtt:       3.220000e+23
Mpp:       1.320000e+24
Mrt:       3.920000e+24
Mrp:      -7.570000e+24
Mtp:      -2.720000e+25
