 PDEW2013  2 15 14 42 55.00  40.3300   23.9300   9.2 4.7 4.7 GREECE                                  
event name:     201302151442A  
time shift:      2.1800
half duration:   0.6000
latitude:       40.2400
longitude:      23.8700
depth:          25.4700
Mrr:       7.050000e+22
Mtt:       1.650000e+22
Mpp:      -8.699999e+22
Mrt:       2.310000e+22
Mrp:       1.920000e+22
Mtp:      -1.510000e+23

