PDE 2010  2 15 21 51 47.80  -7.2200  128.7600 126.0 6.3 6.2 BANDA SEA                               
event name:     201002152151A  
time shift:      2.9000
half duration:   3.1000
latitude:       -7.3900
longitude:     128.7600
depth:         136.1700
Mrr:       1.990000e+25
Mtt:      -2.460000e+24
Mpp:      -1.740000e+25
Mrt:       1.300000e+25
Mrp:      -2.910000e+24
Mtp:       1.330000e+25
