PDE 2008  3 22 21 24 11.30  52.1800 -178.7200 132.0 5.8 6.2 ANDREANOF ISLANDS, ALEUT                
event name:     200803222124A  
time shift:      2.8500
half duration:   3.1000
latitude:       51.9800
longitude:    -178.5000
depth:         133.5100
Mrr:      -1.160000e+25
Mtt:      -5.270000e+23
Mpp:       1.210000e+25
Mrt:       3.850000e+24
Mrp:      -2.160000e+25
Mtp:      -7.000000e+24
