 PDEW2007  2  3 13 43 23.10  35.8100   22.4300  59.1 5.2 0.0 CENTRAL MEDITERRANEAN SE                
event name:     200702031343A  
time shift:      2.5300
half duration:   1.2000
latitude:       35.6700
longitude:      22.3900
depth:          53.5300
Mrr:       1.280000e+22
Mtt:      -2.520000e+23
Mpp:       2.390000e+23
Mrt:       2.000000e+23
Mrp:      -6.470000e+23
Mtp:      -1.450000e+24

