PDE 2013  2 16  4 37 36.20   5.8100  125.7500 105.0 5.9 6.2 MINDANAO, PHILIPPINES                   
event name:     201302160437A  
time shift:      4.1000
half duration:   3.0000
latitude:        5.7700
longitude:     125.9500
depth:         106.6600
Mrr:       1.670000e+25
Mtt:       2.360000e+24
Mpp:      -1.900000e+25
Mrt:      -8.130000e+24
Mrp:       1.420000e+25
Mtp:       6.570000e+23
