PDE 2014  6 23 20 53  9.70  51.8300  178.7500 109.0 0.0 7.9 RAT ISLANDS, ALEUTIAN IS                
event name:     201406232053A  
time shift:     23.9700
half duration:  22.4000
latitude:       52.0000
longitude:     178.4300
depth:         104.3400
Mrr:      -1.790000e+27
Mtt:      -3.140000e+27
Mpp:       4.940000e+27
Mrt:       7.050000e+27
Mrp:      -4.830000e+27
Mtp:      -1.620000e+27
