PDE 2011  9 16 19 26 41.00  40.2700  142.7800  35.0 6.0 6.7 NEAR EAST COAST OF HONSH                
event name:     201109161926A  
time shift:      9.5700
half duration:   5.3000
latitude:       40.2000
longitude:     143.2200
depth:          22.4800
Mrr:       7.140000e+25
Mtt:      -1.430000e+23
Mpp:      -7.120000e+25
Mrt:       4.350000e+25
Mrp:       9.380000e+25
Mtp:      -1.340000e+25
