PDE 2014  7 29 10 46 15.40  17.7000  -95.6300 117.1 0.0 6.3 OAXACA, MEXICO                          
event name:     201407291046A  
time shift:      3.4900
half duration:   3.7000
latitude:       17.9700
longitude:     -95.6900
depth:         109.1700
Mrr:      -3.950000e+25
Mtt:       1.040000e+25
Mpp:       2.910000e+25
Mrt:       7.890000e+24
Mrp:      -1.370000e+25
Mtp:      -2.450000e+25
