PDE 2009  7  7 19 11 46.70  75.3500  -72.4500  19.0 5.9 6.1 BAFFIN BAY                              
event name:     200907071911A  
time shift:      2.5000
half duration:   2.5000
latitude:       75.3300
longitude:     -72.4900
depth:          16.4900
Mrr:       1.190000e+25
Mtt:       2.330000e+24
Mpp:      -1.420000e+25
Mrt:       3.720000e+24
Mrp:      -1.650000e+24
Mtp:       1.130000e+24
