PDE 2014  6 24  3 15 35.50  52.2000  176.7000   4.0 0.0 6.3 RAT ISLANDS, ALEUTIAN IS                
event name:     201406240315A  
time shift:      7.2800
half duration:   3.7000
latitude:       52.2800
longitude:     176.7000
depth:          12.0000
Mrr:      -1.380000e+25
Mtt:      -4.450000e+24
Mpp:       1.830000e+25
Mrt:      -2.620000e+24
Mrp:       2.180000e+24
Mtp:      -4.220000e+25
