PDE 2012 10  5  0 19 57.00  17.4800  -46.4600  10.0 5.2 5.7 NORTHERN MID-ATLANTIC RI                
event name:     201210050019A  
time shift:      1.6800
half duration:   1.3000
latitude:       17.6800
longitude:     -46.4300
depth:          12.0000
Mrr:      -1.840000e+24
Mtt:       9.570000e+22
Mpp:       1.740000e+24
Mrt:      -3.730000e+23
Mrp:      -3.400000e+23
Mtp:       8.880000e+22
