PDE 2010  1  9  5 51 30.50  -9.1300  157.6300  12.0 6.0 6.2 SOLOMON ISLANDS                         
event name:     201001090551A  
time shift:      3.7300
half duration:   3.2000
latitude:       -9.2600
longitude:     157.8200
depth:          12.0000
Mrr:       5.050001e+24
Mtt:      -1.550000e+24
Mpp:      -3.500000e+24
Mrt:       2.050000e+24
Mrp:      -2.880000e+24
Mtp:       2.760000e+25
