PDE 2012  1 24  0 52  5.20 -24.9800  178.5200 580.3 5.8 6.4 SOUTH OF FIJI ISLANDS                   
event name:     201201240052A  
time shift:      3.9100
half duration:   3.6000
latitude:      -25.0000
longitude:     178.7200
depth:         581.7900
Mrr:       1.260000e+24
Mtt:      -3.370000e+24
Mpp:       2.110000e+24
Mrt:      -1.290000e+25
Mrp:      -3.540000e+25
Mtp:      -1.930000e+25
