PDE 2011 12 14  5  4 59.30  -7.5600  146.8000 140.9 6.6 7.1 EASTERN NEW GUINEA REG.,                
event name:     201112140504A  
time shift:      5.6800
half duration:   8.5000
latitude:       -7.4900
longitude:     146.8300
depth:         132.8800
Mrr:      -9.299999e+24
Mtt:      -1.780000e+26
Mpp:       1.880000e+26
Mrt:      -1.170000e+26
Mrp:       4.720000e+26
Mtp:       1.320000e+26
