PDE 2009 10  2 15 47  9.40 -17.0200  174.5100  10.0 5.7 6.0 FIJI ISLANDS REGION                     
event name:     200910021547A  
time shift:      5.2700
half duration:   2.3000
latitude:      -16.8800
longitude:     174.7000
depth:          16.1100
Mrr:      -7.070000e+23
Mtt:       2.790000e+24
Mpp:      -2.090000e+24
Mrt:      -6.510000e+23
Mrp:      -2.070000e+24
Mtp:       1.010000e+25
