 PDEW2014  8 24 19 43 30.80  37.6800   30.6300   7.4 0.0 5.1 TURKEY                                  
event name:     201408241943A  
time shift:      8.9300
half duration:   0.9000
latitude:       37.6400
longitude:      30.6100
depth:          18.1400
Mrr:      -4.060000e+23
Mtt:       1.410000e+23
Mpp:       2.650000e+23
Mrt:       3.690000e+23
Mrp:       1.130000e+23
Mtp:       1.520000e+23

