PDE 2013 11 23  7 48 32.10 -17.1200 -176.5400 371.0 0.0 6.5 FIJI ISLANDS REGION                     
event name:     201311230748A  
time shift:      5.8300
half duration:   4.3000
latitude:      -17.0900
longitude:    -176.3800
depth:         386.6300
Mrr:       2.500000e+25
Mtt:      -1.080000e+24
Mpp:      -2.390000e+25
Mrt:      -2.750000e+25
Mrp:      -5.900000e+25
Mtp:      -5.080000e+24
