PDE 2010  7 12  0 11 21.20 -22.1500  -68.2000 115.0 6.1 6.3 NORTHERN CHILE                          
event name:     201007120011A  
time shift:      4.9800
half duration:   3.2000
latitude:      -22.4000
longitude:     -68.6100
depth:         134.7200
Mrr:      -2.480000e+25
Mtt:       2.320000e+24
Mpp:       2.240000e+25
Mrt:       6.630000e+24
Mrp:      -3.150000e+24
Mtp:      -1.110000e+25
