 PDEW2008  8  4 19 38 25.30  34.1000   26.5800  30.5 5.3 5.2 CRETE, GREECE                           
event name:     200808041938A  
time shift:      2.3200
half duration:   1.1000
latitude:       33.9700
longitude:      26.6800
depth:          20.2900
Mrr:      -3.710000e+23
Mtt:       9.870000e+23
Mpp:      -6.160000e+23
Mrt:       3.160000e+23
Mrp:       8.140000e+23
Mtp:       2.980000e+23

