PDE 2013 12 17 23 38  6.80  20.7700  146.7900   9.0 0.0 6.2 MARIANA ISLANDS REGION                  
event name:     201312172338A  
time shift:      4.7900
half duration:   3.0000
latitude:       20.8600
longitude:     146.9900
depth:          12.0000
Mrr:      -2.390000e+25
Mtt:       9.140000e+24
Mpp:       1.480000e+25
Mrt:       2.270000e+23
Mrp:       3.440000e+24
Mtp:      -1.160000e+25
