PDE 2011  2  7 19 53 44.20  -7.1600  155.1800 428.8 5.9 6.4 SOLOMON ISLANDS                         
event name:     201102071953A  
time shift:      5.6100
half duration:   4.1000
latitude:       -7.0400
longitude:     155.3400
depth:         425.4700
Mrr:       9.230000e+24
Mtt:       2.940000e+25
Mpp:      -3.860000e+25
Mrt:       2.230000e+25
Mrp:      -4.630000e+25
Mtp:       6.850000e+24
