PDE 2010  6  9 23 23 22.30 -18.6600  169.4700  46.7 5.4 6.0 VANUATU ISLANDS                         
event name:     201006092323A  
time shift:     -0.0400
half duration:   2.4000
latitude:      -18.4100
longitude:     169.5900
depth:          12.3900
Mrr:      -1.290000e+24
Mtt:       2.250000e+24
Mpp:      -9.670001e+23
Mrt:       3.180000e+24
Mrp:      -5.590000e+23
Mtp:      -1.110000e+25
