PDE 2011 10 27  0 15 24.50 -17.9400 -179.5300 602.9 5.3 6.0 FIJI ISLANDS REGION                     
event name:     201110270015A  
time shift:      3.0000
half duration:   2.4000
latitude:      -17.9800
longitude:    -179.4000
depth:         608.7000
Mrr:      -4.030000e+24
Mtt:       4.620000e+24
Mpp:      -5.910000e+23
Mrt:       5.010000e+24
Mrp:      -8.480000e+24
Mtp:      -3.690000e+24
