PDE 2008 10 11 10 40 14.10  19.1600  -64.8300  23.0 6.1 6.1 VIRGIN ISLANDS                          
event name:     200810111040A  
time shift:      3.6400
half duration:   2.6000
latitude:       19.3000
longitude:     -64.8300
depth:          29.5200
Mrr:       3.720000e+24
Mtt:       3.310000e+24
Mpp:      -7.020000e+24
Mrt:      -9.180000e+24
Mrp:      -4.680000e+24
Mtp:       1.060000e+25
