PDE 2015  6 23 12 18 30.30  27.7400  139.7300 460.0 0.0 6.5 BONIN ISLANDS, JAPAN REG                
event name:     201506231218A  
time shift:      3.1100
half duration:   4.4000
latitude:       27.6800
longitude:     139.8500
depth:         458.5100
Mrr:      -4.560000e+25
Mtt:       2.200000e+25
Mpp:       2.360000e+25
Mrt:      -4.820000e+24
Mrp:      -4.830000e+25
Mtp:      -4.060000e+25
