PDE 2014 12  7 21 16 37.20  13.7300  -91.4400  32.9 0.0 5.8 NEAR COAST OF GUATEMALA                 
event name:     201412072116A  
time shift:      3.6800
half duration:   2.6000
latitude:       13.5600
longitude:     -91.8200
depth:          27.8000
Mrr:       1.010000e+25
Mtt:      -6.640000e+24
Mpp:      -3.420000e+24
Mrt:       8.500000e+24
Mrp:      -6.400000e+24
Mtp:       6.180000e+24
