PDE 2014 11 15  2 31 40.60   1.9300  126.5500  35.0 0.0 7.1 NORTHERN MOLUCCA SEA                    
event name:     201411150231A  
time shift:      9.6600
half duration:   8.2000
latitude:        1.9700
longitude:     126.4200
depth:          37.3000
Mrr:       3.970000e+26
Mtt:      -7.600000e+25
Mpp:      -3.210000e+26
Mrt:       1.730000e+25
Mrp:      -2.220000e+26
Mtp:      -1.970000e+26
