PDE 2009 11  4 18 41 44.40  36.1500  -33.8700  10.0 5.7 5.9 AZORES ISLANDS REGION                   
event name:     200911041841A  
time shift:      3.5900
half duration:   2.2000
latitude:       36.1700
longitude:     -33.8900
depth:          12.0000
Mrr:      -8.370000e+24
Mtt:       3.550000e+24
Mpp:       4.820000e+24
Mrt:      -8.150000e+23
Mrp:      -1.460000e+24
Mtp:       4.520000e+24
