 PDEW2013 11 12 18  9 28.20  38.9200   23.1000   1.8 0.0 4.9 GREECE                                  
event name:     201311121809A  
time shift:      2.6800
half duration:   0.7000
latitude:       38.8000
longitude:      23.1300
depth:          19.2500
Mrr:      -1.200000e+23
Mtt:       3.800000e+23
Mpp:      -2.600000e+23
Mrt:       2.200000e+22
Mrp:       5.610000e+22
Mtp:       1.440000e+21

