PDE 2014 10 11  2 35 46.20  40.9900  143.2200  13.5 0.0 6.3 OFF EAST COAST OF HONSHU                
event name:     201410110235A  
time shift:      6.1800
half duration:   3.0000
latitude:       41.0600
longitude:     143.3300
depth:          24.2900
Mrr:       8.340001e+24
Mtt:      -5.000000e+22
Mpp:      -8.290001e+24
Mrt:       6.460000e+24
Mrp:       1.230000e+25
Mtp:      -2.330000e+24
