PDE 2015  7 29  2 35 59.00  59.9100 -153.1500 116.6 0.0 6.3 SOUTHERN ALASKA                         
event name:     201507290235A  
time shift:      2.8000
half duration:   3.7000
latitude:       60.0300
longitude:    -153.2100
depth:         130.5000
Mrr:       1.630000e+25
Mtt:      -3.600000e+25
Mpp:       1.970000e+25
Mrt:       1.770000e+24
Mrp:       2.170000e+25
Mtp:       2.420000e+25
