PDE 2014  4  2 16 13 26.70   7.9400  -82.3400  25.0 0.0 6.0 SOUTH OF PANAMA                         
event name:     201404021613A  
time shift:      3.6000
half duration:   2.4000
latitude:        7.8000
longitude:     -82.3800
depth:          32.1700
Mrr:      -9.380000e+23
Mtt:      -4.330000e+24
Mpp:       5.260000e+24
Mrt:      -1.640000e+24
Mrp:       2.800000e+24
Mtp:       1.000000e+25
