PDE 2014  6 29  7 52 55.20 -55.4700  -28.3700   8.0 0.0 6.9 SOUTH SANDWICH ISLANDS R                
event name:     201406290752A  
time shift:     10.5200
half duration:   6.5000
latitude:      -55.3400
longitude:     -28.3100
depth:          20.9900
Mrr:       9.640000e+25
Mtt:      -9.380000e+25
Mpp:      -2.550000e+24
Mrt:      -9.940000e+25
Mrp:       1.720000e+26
Mtp:       1.010000e+26
