PDE 2015  5 22 23 59 33.80 -11.1100  163.2100  10.0 0.0 6.8 SOLOMON ISLANDS                         
event name:     201505222359A  
time shift:      6.3100
half duration:   6.6000
latitude:      -10.9700
longitude:     163.2200
depth:          15.2900
Mrr:       2.230000e+25
Mtt:      -1.020000e+26
Mpp:       7.940000e+25
Mrt:       7.650000e+25
Mrp:      -1.150000e+26
Mtp:       1.860000e+26
