 PDEW2012  7 27 23 12 23.80  44.1700   17.8700  10.0 4.6 4.5 NORTHWESTERN BALKAN REGI                
event name:     201207272312A  
time shift:      1.9400
half duration:   0.5000
latitude:       44.2000
longitude:      17.8300
depth:          23.2100
Mrr:       5.360000e+22
Mtt:      -1.070000e+23
Mpp:       5.330000e+22
Mrt:      -4.780000e+22
Mrp:      -4.460000e+21
Mtp:       7.020000e+22

