PDE 2014  3  2 22 17 14.80  14.2000  -93.1500  20.5 0.0 6.0 NEAR COAST OF CHIAPAS, M                
event name:     201403022217A  
time shift:      6.5600
half duration:   2.4000
latitude:       14.3500
longitude:     -93.2500
depth:          15.5000
Mrr:       7.100000e+24
Mtt:      -5.990000e+24
Mpp:      -1.110000e+24
Mrt:       8.100000e+24
Mrp:      -5.850000e+24
Mtp:       2.120000e+24
