PDE 2012 11 19  9 44 34.10  -5.7000  151.6000  13.0 5.9 6.0 NEW BRITAIN REGION, P.N.                
event name:     201211190944A  
time shift:      5.7400
half duration:   2.4000
latitude:       -5.9000
longitude:     151.7900
depth:          19.7200
Mrr:      -9.240000e+24
Mtt:       5.800000e+24
Mpp:       3.430000e+24
Mrt:      -3.450000e+24
Mrp:      -6.040000e+24
Mtp:       5.430000e+24
