PDE 2011  4 23 10 12 47.00  39.1000  142.8700  31.0 5.8 6.0 NEAR EAST COAST OF HONSH                
event name:     201104231012A  
time shift:      1.2300
half duration:   2.3000
latitude:       39.2100
longitude:     142.9100
depth:          30.2300
Mrr:       1.050000e+25
Mtt:      -1.000000e+25
Mpp:      -5.300000e+23
Mrt:      -3.040000e+24
Mrp:       2.050000e+24
Mtp:       1.880000e+24
