PDE 2009  2 12  3 49 39.70   3.9500  126.4100  26.0 6.0 6.0 TALAUD ISLANDS, INDONESI                
event name:     200902120349A  
time shift:      3.6700
half duration:   2.5000
latitude:        4.0800
longitude:     126.6900
depth:          24.4500
Mrr:       5.410000e+24
Mtt:       2.720000e+24
Mpp:      -8.130000e+24
Mrt:       5.780000e+24
Mrp:       9.680001e+24
Mtp:       2.520000e+24
