PDE 2008  2 10 12 22  2.70 -60.8000  -25.5900   8.0 6.4 6.6 SOUTH SANDWICH ISLANDS R                
event name:     200802101222A  
time shift:      5.7400
half duration:   4.6000
latitude:      -61.0500
longitude:     -25.0100
depth:          12.0000
Mrr:      -7.080000e+25
Mtt:       7.720000e+25
Mpp:      -6.410000e+24
Mrt:       1.200000e+25
Mrp:      -2.610000e+24
Mtp:       3.840000e+25
