 PDEW2007  4 10  3 17 56.30  38.5500   21.6400   2.7 4.7 5.4 GREECE                                  
event name:     200704100317A  
time shift:      3.3700
half duration:   0.8000
latitude:       38.5200
longitude:      21.5000
depth:          13.8800
Mrr:      -3.360000e+23
Mtt:       2.780000e+23
Mpp:       5.800000e+22
Mrt:      -1.000000e+23
Mrp:       1.820000e+22
Mtp:      -3.270000e+23

