PDE 2009  4  4  5 31 55.50   5.1500  127.2000  48.0 6.1 6.3 PHILIPPINE ISLANDS REGIO                
event name:     200904040531A  
time shift:      3.5000
half duration:   3.2000
latitude:        5.2100
longitude:     127.2000
depth:          57.2700
Mrr:       1.940000e+25
Mtt:      -2.330000e+24
Mpp:      -1.710000e+25
Mrt:      -1.070000e+25
Mrp:      -2.450000e+24
Mtp:       2.040000e+25
