PDE 2012 11 11  1 12 38.90  23.0000   95.8900  13.7 6.3 6.8 MYANMAR                                 
event name:     201211110112A  
time shift:     16.6100
half duration:   6.5000
latitude:       22.7300
longitude:      96.0300
depth:          16.8100
Mrr:      -3.630000e+24
Mtt:       1.240000e+25
Mpp:      -8.760000e+24
Mrt:       1.360000e+26
Mrp:       1.800000e+25
Mtp:       1.930000e+26
