PDE 2008 10  5 15 52 49.40  39.5300   73.8200  27.4 6.4 6.9 TAJIKISTAN-XINJIANG BORD                
event name:     200810051552A  
time shift:     11.7300
half duration:   5.4000
latitude:       39.5000
longitude:      73.6400
depth:          12.0000
Mrr:       1.270000e+26
Mtt:      -1.300000e+26
Mpp:       3.370000e+24
Mrt:       3.800000e+25
Mrp:      -6.220000e+24
Mtp:      -4.050000e+25
