PDE 2011  9  5 17 55 11.20   2.9600   97.8900  91.0 6.6 6.7 NORTHERN SUMATRA, INDONE                
event name:     201109051755A  
time shift:      3.6300
half duration:   5.4000
latitude:        2.8800
longitude:      97.8600
depth:          94.5900
Mrr:      -2.750000e+25
Mtt:       2.380000e+25
Mpp:       3.770000e+24
Mrt:       8.550000e+25
Mrp:      -9.830000e+25
Mtp:      -3.920000e+25
