PDE 2013  4  6 11 26  7.40  34.8000   24.0900  34.1 5.3 5.2 CRETE, GREECE                           
event name:     201304061126A  
time shift:      1.5100
half duration:   1.2000
latitude:       34.2800
longitude:      24.0100
depth:          47.2900
Mrr:       1.240000e+24
Mtt:      -9.450000e+23
Mpp:      -2.930000e+23
Mrt:       5.320000e+23
Mrp:      -2.020000e+23
Mtp:       4.130000e+23
