PDE 2010  7  4 21 55 52.00  39.7000  142.3700  27.0 6.4 6.3 NEAR EAST COAST OF HONSH                
event name:     201007042155A  
time shift:      3.5700
half duration:   3.4000
latitude:       39.6800
longitude:     142.7700
depth:          35.3000
Mrr:       2.150000e+25
Mtt:       2.270000e+24
Mpp:      -2.370000e+25
Mrt:       4.660000e+24
Mrp:       2.350000e+25
Mtp:      -2.260000e+24
