PDE 2013  2  6  0  7 22.10 -10.8600  165.2500  11.0 5.6 6.1 SANTA CRUZ ISLANDS                      
event name:     201302060007A  
time shift:      4.4600
half duration:   2.5000
latitude:      -10.9000
longitude:     165.1800
depth:          12.0000
Mrr:       4.390000e+24
Mtt:       7.930000e+24
Mpp:      -1.230000e+25
Mrt:       2.580000e+24
Mrp:      -3.700000e+24
Mtp:       6.980000e+24
