PDE 2014  4  4 11 40 32.00 -10.5400  161.7000  57.0 0.0 6.0 SOLOMON ISLANDS                         
event name:     201404041140A  
time shift:      3.7900
half duration:   2.4000
latitude:      -10.5500
longitude:     161.5900
depth:          66.8200
Mrr:      -2.650000e+24
Mtt:      -2.780000e+24
Mpp:       5.420000e+24
Mrt:      -3.080000e+24
Mrp:       5.580000e+24
Mtp:       8.010000e+24
