PDE 2008  5  7 16  2  2.60  36.1800  141.5400  19.0 5.7 6.2 NEAR EAST COAST OF HONSH                
event name:     200805071602A  
time shift:      4.6900
half duration:   3.0000
latitude:       36.1200
longitude:     141.8900
depth:          23.9100
Mrr:       1.610000e+25
Mtt:      -1.040000e+24
Mpp:      -1.510000e+25
Mrt:       6.270000e+24
Mrp:       1.640000e+25
Mtp:      -5.440000e+24
