PDE 2009 10 15 12 11 16.40  -3.0600  139.5400 105.7 5.8 6.0 IRIAN JAYA, INDONESIA                   
event name:     200910151211A  
time shift:      3.3700
half duration:   2.5000
latitude:       -3.0400
longitude:     139.4500
depth:         105.1000
Mrr:       2.780000e+24
Mtt:      -1.090000e+25
Mpp:       8.070000e+24
Mrt:      -6.580000e+24
Mrp:       2.950000e+24
Mtp:      -5.820000e+24
