PDE 2012  8  2  9 38 30.90  -8.4100  -74.2600 144.6 5.9 6.1 PERU-BRAZIL BORDER REGIO                
event name:     201208020938A  
time shift:      1.9000
half duration:   2.5000
latitude:       -8.5800
longitude:     -74.3600
depth:         150.5000
Mrr:      -1.030000e+25
Mtt:       2.310000e+24
Mpp:       8.040000e+24
Mrt:      -1.470000e+24
Mrp:      -9.510000e+24
Mtp:       4.690000e+24
