PDE 2012  9 22  3 52 26.10  38.1000   22.7700  10.0 5.6 5.1 GREECE                                  
event name:     201209220352A  
time shift:      2.1800
half duration:   0.8000
latitude:       38.0200
longitude:      22.6800
depth:          16.3400
Mrr:      -3.250000e+23
Mtt:       3.050000e+23
Mpp:       1.980000e+22
Mrt:      -2.260000e+23
Mrp:      -8.510000e+21
Mtp:      -1.440000e+23
