PDE 2009  5 16  0 53 52.70 -31.5200 -178.7900  54.6 6.1 6.5 KERMADEC ISLANDS REGION                 
event name:     200905160053A  
time shift:      5.0300
half duration:   4.4000
latitude:      -31.5600
longitude:    -178.1200
depth:          47.7400
Mrr:       6.100000e+25
Mtt:       2.030000e+24
Mpp:      -6.310000e+25
Mrt:       5.280000e+24
Mrp:       3.080000e+25
Mtp:      -1.990000e+25
