PDE 2011  9 18 12 40 51.80  27.7200   88.1400  50.0 6.6 6.9 SIKKIM, INDIA                           
event name:     201109181240A  
time shift:      8.1100
half duration:   6.9000
latitude:       27.4400
longitude:      88.3500
depth:          45.9900
Mrr:      -4.090000e+25
Mtt:      -2.320000e+26
Mpp:       2.730000e+26
Mrt:       8.990000e+25
Mrp:      -1.230000e+25
Mtp:      -6.350000e+25
