PDE 2008  2  1 12 10  6.40 -21.5000 -179.3500 604.2 5.6 6.0 FIJI ISLANDS REGION                     
event name:     200802011210A  
time shift:      4.4000
half duration:   2.4000
latitude:      -21.5300
longitude:    -179.2700
depth:         629.4900
Mrr:       4.620000e+23
Mtt:      -1.070000e+24
Mpp:       6.120000e+23
Mrt:      -9.910001e+24
Mrp:      -7.830001e+24
Mtp:      -1.550000e+23
