PDE 2014  5  9 10 32 22.20 -18.9600 -175.5400 192.3 0.0 5.9 TONGA ISLANDS                           
event name:     201405091032A  
time shift:      8.7800
half duration:   2.3000
latitude:      -18.9900
longitude:    -175.1500
depth:         228.1000
Mrr:       6.090000e+22
Mtt:       2.540000e+24
Mpp:      -2.600000e+24
Mrt:      -4.550000e+24
Mrp:      -9.230000e+24
Mtp:       2.370000e+24
