PDE 2010  4  4 22 40 43.00  32.3000 -115.2700   6.0 6.4 7.3 CALIF.-BAJA CALIF. BORDE                
event name:     201004042240A  
time shift:     26.2100
half duration:   9.6000
latitude:       32.3100
longitude:    -115.3900
depth:          12.7500
Mrr:      -2.290000e+26
Mtt:      -6.420000e+26
Mpp:       8.710000e+26
Mrt:       4.260000e+25
Mrp:      -5.700000e+25
Mtp:      -5.410000e+25
