PDE 2011  4  3 20  6 40.40  -9.8500  107.6900  14.0 6.4 6.8 SOUTH OF JAVA, INDONESIA                
event name:     201104032006A  
time shift:      9.5800
half duration:   5.7000
latitude:      -10.1000
longitude:     107.7200
depth:          20.6100
Mrr:      -1.180000e+26
Mtt:       1.420000e+26
Mpp:      -2.370000e+25
Mrt:       2.710000e+25
Mrp:      -2.980000e+25
Mtp:      -8.929999e+25
