PDE 2008  3 20 14 10 44.60   6.1800  126.9300  82.5 6.0 6.1 MINDANAO, PHILIPPINES                   
event name:     200803201410A  
time shift:      1.7100
half duration:   2.6000
latitude:        6.0700
longitude:     127.1200
depth:          64.0200
Mrr:       9.990001e+24
Mtt:       4.660000e+24
Mpp:      -1.460000e+25
Mrt:       4.940000e+23
Mrp:       7.620000e+24
Mtp:      -2.460000e+24
