PDE 2013  2  6  1 12 25.80 -10.8000  165.1100  24.0 6.4 8.0 SANTA CRUZ ISLANDS                      
event name:     201302060112A  
time shift:     29.2300
half duration:  22.1000
latitude:      -11.1800
longitude:     165.2100
depth:          20.2300
Mrr:       6.150000e+27
Mtt:      -2.440000e+27
Mpp:      -3.710000e+27
Mrt:       4.380000e+27
Mrp:      -5.580000e+27
Mtp:       2.960000e+27
