 PDEW2014  2 15  7 31 19.40  38.3000   20.3900  25.3 0.0 5.0 GREECE                                  
event name:     201402150731A  
time shift:     -0.9600
half duration:   0.7000
latitude:       38.0800
longitude:      20.2900
depth:          21.6800
Mrr:       2.970000e+23
Mtt:       8.350000e+20
Mpp:      -2.980000e+23
Mrt:       1.190000e+23
Mrp:       2.270000e+22
Mtp:       4.730000e+22

