PDE 2014 10  9  2 14 32.80 -32.1200 -110.7800  15.5 0.0 7.1 SOUTHERN EAST PACIFIC RI                
event name:     201410090214A  
time shift:      7.9300
half duration:   7.2000
latitude:      -32.3900
longitude:    -110.8600
depth:          12.0000
Mrr:       2.900000e+26
Mtt:      -3.180000e+26
Mpp:       2.850000e+25
Mrt:      -4.780000e+25
Mrp:       7.600000e+25
Mtp:       8.870000e+25
