PDE 2011 10  5 23 52 20.00  57.8700  -32.5400  10.0 5.3 5.4 REYKJANES RIDGE                         
event name:     201110052352A  
time shift:      0.6800
half duration:   1.2000
latitude:       57.9800
longitude:     -32.3400
depth:          12.0000
Mrr:      -1.560000e+24
Mtt:       1.500000e+23
Mpp:       1.410000e+24
Mrt:       2.250000e+23
Mrp:      -2.850000e+22
Mtp:       5.440000e+23
