 PDEW2010 11 11 20  8  0.90  37.9000   27.3400  11.8 5.0 4.9 TURKEY                                  
event name:     201011112008A  
time shift:      1.7000
half duration:   0.7000
latitude:       37.6900
longitude:      27.3400
depth:          17.1500
Mrr:      -3.280000e+23
Mtt:       2.920000e+23
Mpp:       3.530000e+22
Mrt:       5.700000e+22
Mrp:       1.290000e+23
Mtp:      -3.250000e+22

