PDE 2010  7 18 13  4  9.40  -5.9700  150.4300  28.0 6.3 7.1 NEW BRITAIN REGION, P.N.                
event name:     201007181304A  
time shift:      6.7400
half duration:   7.1000
latitude:       -6.3200
longitude:     150.6800
depth:          35.0100
Mrr:       2.920000e+26
Mtt:       6.050000e+24
Mpp:      -2.980000e+26
Mrt:      -5.130000e+24
Mrp:      -3.910000e+25
Mtp:      -7.100000e+25
