PDE 2011  7  6 19  3 18.30 -29.5400 -176.3400  17.0 7.0 7.8 KERMADEC ISLANDS REGION                 
event name:     201107061903A  
time shift:     14.1900
half duration:  15.1000
latitude:      -29.2200
longitude:    -175.8300
depth:          22.2700
Mrr:      -2.560000e+27
Mtt:      -2.840000e+26
Mpp:       2.840000e+27
Mrt:      -6.360000e+26
Mrp:      -1.070000e+27
Mtp:      -1.400000e+26
