PDE 2011 12  7 22 23  9.70 -27.9000  -70.9200  20.0 5.8 6.1 NEAR COAST OF NORTHERN C                
event name:     201112072223A  
time shift:      4.5500
half duration:   2.7000
latitude:      -28.0300
longitude:     -71.5500
depth:          22.8000
Mrr:       1.120000e+25
Mtt:       1.160000e+24
Mpp:      -1.240000e+25
Mrt:       1.610000e+24
Mrp:      -1.090000e+25
Mtp:      -1.290000e+24
