PDE 2014  2 18  9 27 13.10  14.6700  -58.9300  14.8 0.0 6.5 NORTH ATLANTIC OCEAN                    
event name:     201402180927A  
time shift:      5.6400
half duration:   4.1000
latitude:       14.7600
longitude:     -58.8900
depth:          13.9100
Mrr:      -3.350000e+25
Mtt:      -3.360000e+25
Mpp:       6.700000e+25
Mrt:       1.700000e+25
Mrp:       1.030000e+24
Mtp:       6.760001e+24
