PDE 2012  8 12 10 47  6.40  35.6600   82.5200  13.0 6.1 6.3 XIZANG                                  
event name:     201208121047A  
time shift:      5.6000
half duration:   3.1000
latitude:       35.8800
longitude:      82.5200
depth:          16.7000
Mrr:      -1.960000e+25
Mtt:      -5.840000e+24
Mpp:       2.540000e+25
Mrt:       7.940000e+24
Mrp:      -4.990000e+24
Mtp:       5.890000e+24
