PDE 2010  6 16  3  6  2.40  -2.3900  136.6300  13.0 5.9 6.2 IRIAN JAYA REGION, INDON                
event name:     201006160306A  
time shift:      5.5800
half duration:   3.2000
latitude:       -2.0100
longitude:     136.4800
depth:          12.0000
Mrr:      -1.210000e+24
Mtt:      -2.670000e+25
Mpp:       2.790000e+25
Mrt:       3.750000e+24
Mrp:      -6.330000e+24
Mtp:       4.250000e+24
