PDE 2012  3 20 18  2 47.50  16.5000  -98.2200  20.0 6.6 7.6 NEAR COAST OF GUERRERO,                 
event name:     201203201802A  
time shift:      7.4200
half duration:  13.2000
latitude:       16.6000
longitude:     -98.3900
depth:          15.3900
Mrr:       6.790000e+26
Mtt:      -5.640000e+26
Mpp:      -1.150000e+26
Mrt:       1.740000e+27
Mrp:      -6.590000e+26
Mtp:       2.420000e+26
