PDE 2014 10  8  2 40 54.40  23.8200 -108.4200  10.0 0.0 6.2 GULF OF CALIFORNIA                      
event name:     201410080240A  
time shift:      1.6800
half duration:   2.8000
latitude:       23.8300
longitude:    -108.6200
depth:          16.3000
Mrr:      -1.120000e+24
Mtt:      -1.770000e+25
Mpp:       1.880000e+25
Mrt:      -1.480000e+21
Mrp:       2.200000e+24
Mtp:      -4.960000e+24
