PDE 2014  8 18 18  8 22.80  32.5800   47.7000   5.0 0.0 6.0 IRAN-IRAQ BORDER REGION                 
event name:     201408181808A  
time shift:      2.7500
half duration:   2.3000
latitude:       32.5000
longitude:      47.5700
depth:          12.0000
Mrr:       8.080000e+24
Mtt:      -8.510000e+24
Mpp:       4.250000e+23
Mrt:       5.760000e+24
Mrp:      -3.540000e+23
Mtp:       3.420000e+24
