PDE 2009  8 30 14 51 32.90 -15.2200 -172.5700  11.0 6.4 6.6 SAMOA ISLANDS REGION                    
event name:     200908301451A  
time shift:      7.5900
half duration:   4.9000
latitude:      -15.1200
longitude:    -172.2800
depth:          18.2600
Mrr:      -9.230000e+25
Mtt:       7.640000e+25
Mpp:       1.590000e+25
Mrt:       9.270000e+24
Mrp:      -1.230000e+25
Mtp:      -5.640000e+25
