PDE 2009  8 16  7 38 21.70  -1.4800   99.4900  20.0 6.5 6.7 SOUTHERN SUMATRA, INDONE                
event name:     200908160738A  
time shift:      6.8900
half duration:   5.2000
latitude:       -1.5600
longitude:      99.4500
depth:          12.0000
Mrr:       1.100000e+26
Mtt:      -1.640000e+25
Mpp:      -9.370000e+25
Mrt:      -2.200000e+25
Mrp:       5.170000e+25
Mtp:       3.360000e+25
