PDE 2009  1  3 22 33 40.30  -0.6900  133.3000  23.0 6.7 7.4 IRIAN JAYA REGION, INDON                
event name:     200901032233A  
time shift:      4.6000
half duration:  11.8000
latitude:       -0.5800
longitude:     133.4800
depth:          18.2400
Mrr:       1.040000e+27
Mtt:      -9.490000e+26
Mpp:      -9.510001e+25
Mrt:      -7.560000e+26
Mrp:       5.370000e+26
Mtp:       3.790000e+26
