PDE 2013  2  6  6 35 19.20 -10.7900  164.5500  10.0 5.7 6.1 SANTA CRUZ ISLANDS REGIO                
event name:     201302060635A  
time shift:      4.4400
half duration:   2.7000
latitude:      -10.6900
longitude:     164.4300
depth:          12.7100
Mrr:       2.350000e+24
Mtt:       1.340000e+25
Mpp:      -1.570000e+25
Mrt:       2.440000e+24
Mrp:      -5.170000e+24
Mtp:       8.570000e+24
