PDE 2010  8 13 21 19 33.10  12.4800  141.4800  10.0 6.5 6.9 SOUTH OF MARIANA ISLANDS                
event name:     201008132119A  
time shift:     10.1900
half duration:   6.8000
latitude:       12.4600
longitude:     141.5200
depth:          12.0000
Mrr:      -2.510000e+26
Mtt:       2.420000e+26
Mpp:       9.190000e+24
Mrt:       9.859999e+25
Mrp:       4.070000e+25
Mtp:       6.020000e+25
