PDE 2013  2 17  5 42  7.80  36.6800   21.6800  32.2 5.0 5.0 SOUTHERN GREECE                         
event name:     201302170542A  
time shift:      0.6600
half duration:   0.9000
latitude:       36.2300
longitude:      21.2100
depth:          50.0000
Mrr:       4.490000e+23
Mtt:      -1.700000e+23
Mpp:      -2.790000e+23
Mrt:       1.580000e+23
Mrp:      -1.710000e+23
Mtp:       3.040000e+23
