PDEW 2008  7  8  9 13  7.50 -15.9900  -71.7500 123.0 5.8 6.2 SOUTHERN PERU                           
event name:     200807080913A  
time shift:      2.4700
half duration:   3.1000
latitude:      -16.2600
longitude:     -72.0000
depth:         125.7000
Mrr:      -1.080000e+25
Mtt:       3.670000e+24
Mpp:       7.160000e+24
Mrt:       1.510000e+25
Mrp:      -3.510000e+24
Mtp:      -1.930000e+25
