PDE 2011  8 19  3 54 26.80 -16.5200 -177.0000 407.9 5.5 6.2 FIJI ISLANDS REGION                     
event name:     201108190354A  
time shift:      4.5900
half duration:   3.2000
latitude:      -16.5200
longitude:    -176.7300
depth:         414.9600
Mrr:       1.370000e+25
Mtt:      -1.570000e+25
Mpp:       1.990000e+24
Mrt:      -4.460000e+23
Mrp:      -1.850000e+25
Mtp:       1.710000e+25
