PDE 2012 10  8  6 26 23.00  25.1300 -109.5700  14.0 5.6 6.0 GULF OF CALIFORNIA                      
event name:     201210080626A  
time shift:      2.0400
half duration:   2.4000
latitude:       25.1700
longitude:    -109.7300
depth:          19.6800
Mrr:      -4.000000e+23
Mtt:      -1.140000e+25
Mpp:       1.180000e+25
Mrt:      -2.250000e+24
Mrp:      -7.580000e+23
Mtp:      -2.220000e+24
