PDE 2015  9 16 14  3 22.30  -6.0000  151.4500   6.3 0.0 6.0 NEW BRITAIN REGION, P.N.                
event name:     201509161403A  
time shift:      6.1000
half duration:   2.6000
latitude:       -6.2000
longitude:     151.6100
depth:          12.6100
Mrr:      -9.290000e+24
Mtt:       8.280000e+24
Mpp:       1.010000e+24
Mrt:      -9.820000e+24
Mrp:      -5.880000e+24
Mtp:       3.410000e+24
