 PDEW2012  4 25  3 18 18.00  36.5300    1.6500   1.0 4.7 5.0 NORTHERN ALGERIA                        
event name:     201204250318A  
time shift:      2.3100
half duration:   0.6000
latitude:       36.5000
longitude:       1.5300
depth:          12.0000
Mrr:       1.380000e+21
Mtt:      -7.160000e+22
Mpp:       7.020000e+22
Mrt:      -3.870000e+22
Mrp:      -5.790000e+22
Mtp:      -1.620000e+23

