PDE 2010  7 18  5 56 47.30  52.8800 -169.7100  25.0 6.4 6.7 FOX ISLANDS, ALEUTIAN IS                
event name:     201007180556A  
time shift:      2.0500
half duration:   5.3000
latitude:       52.6600
longitude:    -169.6400
depth:          12.0000
Mrr:      -6.580000e+25
Mtt:       1.260000e+25
Mpp:       5.320000e+25
Mrt:       3.270000e+25
Mrp:       1.600000e+25
Mtp:      -1.080000e+26
