PDE 2015  3 10 20 55 44.40   6.7800  -72.9900 155.0 0.0 6.2 NORTHERN COLOMBIA                       
event name:     201503102055A  
time shift:      4.8200
half duration:   3.3000
latitude:        6.8300
longitude:     -73.1100
depth:         155.8800
Mrr:      -1.160000e+25
Mtt:      -8.520000e+24
Mpp:       2.010000e+25
Mrt:      -1.250000e+25
Mrp:      -2.050000e+25
Mtp:      -2.370000e+24
