PDE 2010  7 23 23 15 10.20   6.7800  123.2600 640.6 6.8 7.4 MINDANAO, PHILIPPINES                   
event name:     201007232315A  
time shift:      5.5100
half duration:  12.9000
latitude:        6.8300
longitude:     123.4800
depth:         641.4400
Mrr:      -1.380000e+27
Mtt:       1.040000e+27
Mpp:       3.310000e+26
Mrt:      -5.080000e+26
Mrp:      -1.500000e+27
Mtp:       2.680000e+25
