PDE 2008 12 25  3 20 29.90   5.7600  125.3700 211.2 6.1 6.3 MINDANAO, PHILIPPINES                   
event name:     200812250320A  
time shift:      0.2800
half duration:   3.4000
latitude:        5.7400
longitude:     125.6600
depth:         198.2700
Mrr:       1.450000e+25
Mtt:      -3.260000e+24
Mpp:      -1.120000e+25
Mrt:      -3.760000e+24
Mrp:       3.120000e+25
Mtp:      -7.130000e+24
