PDE 2008  7 15  3 26 34.70  35.8000   27.8600  52.0 6.5 6.4 DODECANESE ISLANDS, GREE                
event name:     200807150326A  
time shift:      5.0700
half duration:   3.8000
latitude:       35.6700
longitude:      27.6900
depth:          42.1900
Mrr:      -1.220000e+25
Mtt:      -3.740000e+23
Mpp:       1.260000e+25
Mrt:       2.560000e+25
Mrp:       3.790000e+24
Mtp:       3.960000e+25
