PDE 2011 11  7 22 35 25.60  11.5600  -85.8600 177.0 6.0 6.1 NICARAGUA                               
event name:     201111072235A  
time shift:      2.9000
half duration:   2.5000
latitude:       11.6000
longitude:     -85.9800
depth:         172.7000
Mrr:       9.590000e+24
Mtt:      -5.430000e+24
Mpp:      -4.160000e+24
Mrt:       4.830000e+24
Mrp:      -8.750000e+24
Mtp:       3.480000e+24
