PDE 2015  3 17 22 12 28.90   1.6700  126.5200  44.0 0.0 6.2 NORTHERN MOLUCCA SEA                    
event name:     201503172212A  
time shift:      3.1500
half duration:   3.4000
latitude:        1.7800
longitude:     126.4800
depth:          41.9300
Mrr:       3.010000e+25
Mtt:       2.480000e+24
Mpp:      -3.260000e+25
Mrt:      -8.350000e+24
Mrp:       1.770000e+24
Mtp:      -5.060000e+24
