PDE 2014 11 13 10 24 18.40 -15.1700  173.0500  10.0 0.0 5.7 FIJI ISLANDS REGION                     
event name:     201411131024A  
time shift:      4.3000
half duration:   2.4000
latitude:      -15.3400
longitude:     173.2500
depth:          12.0000
Mrr:      -9.440001e+24
Mtt:       1.010000e+25
Mpp:      -6.800000e+23
Mrt:      -1.610000e+24
Mrp:      -8.160000e+23
Mtp:      -6.250000e+24
