PDE 2009 10 25  7 53 52.20 -23.0900 -179.2100 417.9 5.6 6.0 SOUTH OF FIJI ISLANDS                   
event name:     200910250753A  
time shift:      3.2200
half duration:   2.3000
latitude:      -23.0000
longitude:    -178.9700
depth:         419.2700
Mrr:       4.200000e+24
Mtt:       7.820001e+24
Mpp:      -1.200000e+25
Mrt:       2.730000e+24
Mrp:       3.000000e+24
Mtp:      -1.400000e+24
