PDE 2014  3 13 17  6 50.80  33.6800  131.8200  79.0 0.0 6.3 KYUSHU, JAPAN                           
event name:     201403131706A  
time shift:      4.3600
half duration:   3.5000
latitude:       33.6200
longitude:     131.8200
depth:          82.5200
Mrr:       1.070000e+25
Mtt:      -3.670000e+24
Mpp:      -7.080000e+24
Mrt:      -1.060000e+25
Mrp:       3.000000e+25
Mtp:      -1.660000e+25
