PDE 2011 11 14 22  8 15.40  38.6600   43.1700  10.0 5.3 5.2 TURKEY                                  
event name:     201111142208A  
time shift:      1.0200
half duration:   1.0000
latitude:       38.5700
longitude:      43.0500
depth:          17.3400
Mrr:       7.420000e+23
Mtt:      -7.420000e+23
Mpp:      -4.190000e+20
Mrt:       1.820000e+23
Mrp:       6.220000e+22
Mtp:       2.510000e+23
