PDE 2010  1  5  4 55 38.90 -58.1700  -14.7000  10.0 6.2 6.8 EAST OF SOUTH SANDWICH I                
event name:     201001050455A  
time shift:      7.6600
half duration:   5.9000
latitude:      -58.5000
longitude:     -14.8500
depth:          15.1100
Mrr:      -2.400000e+25
Mtt:      -2.830000e+25
Mpp:       5.230000e+25
Mrt:       3.090000e+25
Mrp:       7.650000e+24
Mtp:       1.720000e+26
