PDE 2009 12 19 13  2 17.10  23.8000  121.6100  57.2 6.2 6.4 TAIWAN                                  
event name:     200912191302A  
time shift:      3.2200
half duration:   4.0000
latitude:       23.7000
longitude:     121.6600
depth:          48.2500
Mrr:       2.760000e+25
Mtt:      -6.960000e+24
Mpp:      -2.060000e+25
Mrt:       2.810000e+24
Mrp:       4.170000e+25
Mtp:      -2.830000e+25
