PDE 2012 10 12  0 31 28.30  -4.8900  134.0300  13.0 6.3 6.6 IRIAN JAYA REGION, INDON                
event name:     201210120031A  
time shift:      5.4200
half duration:   4.7000
latitude:       -4.8400
longitude:     133.9700
depth:          19.6100
Mrr:      -7.690000e+25
Mtt:      -7.510000e+24
Mpp:       8.440000e+25
Mrt:      -1.350000e+25
Mrp:       3.480000e+25
Mtp:       1.720000e+25
