PDE 2008  4 14  9 45 19.70 -56.0200  -28.0300 140.2 6.0 6.0 SOUTH SANDWICH ISLANDS R                
event name:     200804140945A  
time shift:      1.0400
half duration:   2.5000
latitude:      -56.0400
longitude:     -27.7500
depth:         115.1700
Mrr:      -1.150000e+23
Mtt:       4.630000e+24
Mpp:      -4.510000e+24
Mrt:      -1.200000e+25
Mrp:       2.830000e+24
Mtp:       5.610000e+24
