PDE 2008  5  7 16 16 36.20  36.1600  141.7600  23.3 5.9 6.1 NEAR EAST COAST OF HONSH                
event name:     200805071616A  
time shift:      4.0700
half duration:   2.6000
latitude:       36.1100
longitude:     141.9800
depth:          23.2500
Mrr:       1.140000e+25
Mtt:      -5.020000e+23
Mpp:      -1.090000e+25
Mrt:       4.490000e+24
Mrp:       9.990001e+24
Mtp:      -2.700000e+24
