PDE 2010  8  4  7 15 34.10  -5.5000  146.8100 225.6 6.1 6.5 EASTERN NEW GUINEA REG.,                
event name:     201008040715A  
time shift:      4.3900
half duration:   4.2000
latitude:       -5.5900
longitude:     146.9000
depth:         218.1100
Mrr:       3.590000e+25
Mtt:      -5.720000e+25
Mpp:       2.120000e+25
Mrt:       3.100000e+25
Mrp:      -2.530000e+25
Mtp:      -7.760000e+24
