PDE 2015  4 30 10 45  2.90  -5.3800  151.7700  31.0 0.0 6.7 NEW BRITAIN REGION, P.N.                
event name:     201504301045A  
time shift:      6.6600
half duration:   4.9000
latitude:       -5.5800
longitude:     151.8300
depth:          38.3100
Mrr:       9.809999e+25
Mtt:      -8.680000e+25
Mpp:      -1.130000e+25
Mrt:       2.350000e+25
Mrp:       2.040000e+24
Mtp:      -3.770000e+25
