PDE 2014  5  1  6 36 35.50 -21.4500  170.3500 106.0 0.0 6.6 SOUTHEAST OF LOYALTY ISL                
event name:     201405010636A  
time shift:      6.7000
half duration:   4.9000
latitude:      -21.5200
longitude:     170.1200
depth:         119.5100
Mrr:       7.770000e+24
Mtt:       1.500000e+25
Mpp:      -2.280000e+25
Mrt:       7.790000e+25
Mrp:       3.900000e+24
Mtp:       6.570000e+25
