PDE 2011  3 15 13 31 46.30  35.2700  138.5800   9.0 6.2 6.0 EASTERN HONSHU, JAPAN                   
event name:     201103151331A  
time shift:      5.7200
half duration:   2.3000
latitude:       35.2700
longitude:     138.5800
depth:          19.2700
Mrr:       3.820000e+24
Mtt:      -1.030000e+25
Mpp:       6.510000e+24
Mrt:       4.210000e+23
Mrp:       2.040000e+24
Mtp:      -6.600000e+24
