PDE 2011  7 23  4 34 24.20  38.9000  141.8200  41.0 5.9 6.4 NEAR EAST COAST OF HONSH                
event name:     201107230434A  
time shift:      3.7300
half duration:   3.6000
latitude:       38.9600
longitude:     142.1000
depth:          47.0300
Mrr:       2.820000e+25
Mtt:      -1.200000e+24
Mpp:      -2.700000e+25
Mrt:       1.200000e+25
Mrp:       2.500000e+25
Mtp:      -7.140000e+24
