PDE 2012  4 14 10 56 19.40 -57.6800  -65.3100  15.0 6.1 6.2 DRAKE PASSAGE                           
event name:     201204141056A  
time shift:      2.9800
half duration:   3.2000
latitude:      -57.5900
longitude:     -65.7600
depth:          19.8800
Mrr:       1.070000e+25
Mtt:       1.320000e+25
Mpp:      -2.390000e+25
Mrt:      -2.730000e+24
Mrp:       3.090000e+24
Mtp:       2.110000e+25
