PDE 2010 10  8  5 43  7.60   2.8300  128.2300 116.0 5.9 6.1 HALMAHERA, INDONESIA                    
event name:     201010080543A  
time shift:      5.1100
half duration:   2.9000
latitude:        2.8300
longitude:     128.1000
depth:         136.2400
Mrr:       1.340000e+25
Mtt:       6.610000e+24
Mpp:      -2.000000e+25
Mrt:       9.750000e+24
Mrp:       5.150000e+24
Mtp:       6.520000e+24
