PDEW2013 10  6  1 37 20.90  45.7000   26.5800 127.0 0.0 5.3 ROMANIA                                 
event name:     201310060137A  
time shift:      1.0000
half duration:   1.1000
latitude:       45.6600
longitude:      26.5900
depth:         129.8700
Mrr:       1.310000e+24
Mtt:      -6.610000e+23
Mpp:      -6.510000e+23
Mrt:      -2.240000e+23
Mrp:      -8.350000e+22
Mtp:      -3.980000e+23

