 PDEW2009  1  8 12  4  5.70  41.8000   20.8300  17.8 5.0 5.1 ALBANIA                                 
event name:     200901081204A  
time shift:      0.6400
half duration:   0.7000
latitude:       41.7100
longitude:      20.7600
depth:          22.2200
Mrr:      -2.270000e+23
Mtt:       2.580000e+23
Mpp:      -3.040000e+22
Mrt:       6.320000e+22
Mrp:       6.950000e+22
Mtp:       6.140000e+22

