PDE 2011  1  9 10  3 44.30 -19.1600  168.3100  24.0 6.1 6.6 VANUATU ISLANDS                         
event name:     201101091003A  
time shift:      9.3000
half duration:   4.4000
latitude:      -19.2000
longitude:     168.1300
depth:          12.9100
Mrr:      -6.570000e+25
Mtt:       6.550000e+25
Mpp:       1.680000e+23
Mrt:      -1.620000e+25
Mrp:      -1.980000e+25
Mtp:      -1.340000e+25
