PDE 2010  6 26  5 30 19.50 -10.6300  161.4500  35.0 6.4 6.8 SOLOMON ISLANDS                         
event name:     201006260530A  
time shift:      6.6700
half duration:   5.7000
latitude:      -10.5400
longitude:     161.4300
depth:          41.3000
Mrr:       1.230000e+26
Mtt:      -1.860000e+24
Mpp:      -1.210000e+26
Mrt:      -6.160000e+25
Mrp:      -1.550000e+25
Mtp:       7.690000e+25
