PDE 2014  5 15  8 16 34.40   6.4300  144.9400  11.0 0.0 6.3 E. CAROLINE ISLANDS, MIC                
event name:     201405150816A  
time shift:      4.7000
half duration:   3.5000
latitude:        6.5800
longitude:     144.8700
depth:          19.5900
Mrr:       3.260000e+24
Mtt:       1.270000e+25
Mpp:      -1.590000e+25
Mrt:      -1.250000e+23
Mrp:      -9.090000e+24
Mtp:       3.410000e+25
