PDE 2008 10  5  9 12 36.10 -30.1800 -177.1800  10.0 5.8 6.2 KERMADEC ISLANDS, NEW ZE                
event name:     200810050912A  
time shift:     10.2200
half duration:   2.8000
latitude:      -30.0000
longitude:    -176.7000
depth:          13.9700
Mrr:       1.270000e+25
Mtt:      -4.700000e+23
Mpp:      -1.220000e+25
Mrt:       3.310000e+24
Mrp:       1.280000e+25
Mtp:      -3.830000e+24
