 PDEW2012  5 29 11  0 25.10  44.8800   10.9500  10.0 5.1 0.0 NORTHERN ITALY                          
event name:     201205291100A  
time shift:      1.6300
half duration:   0.7000
latitude:       44.8400
longitude:      10.9500
depth:          12.0000
Mrr:       2.550000e+23
Mtt:      -2.430000e+23
Mpp:      -1.230000e+22
Mrt:       4.490000e+22
Mrp:      -3.940000e+22
Mtp:       7.050000e+22

