PDE 2011  1  1  9 56 58.10 -26.7900  -63.0900 576.8 6.8 7.0 SANTIAGO DEL ESTERO PROV                
event name:     201101010956A  
time shift:      5.7100
half duration:   8.0000
latitude:      -27.0200
longitude:     -63.2100
depth:         586.0100
Mrr:      -2.470000e+26
Mtt:      -1.250000e+25
Mpp:       2.590000e+26
Mrt:      -1.760000e+26
Mrp:       2.980000e+26
Mtp:      -7.740000e+25
