PDE 2009  5  3 16 21 47.00  14.5700  -91.1700 123.8 5.6 6.2 GUATEMALA                               
event name:     200905031621A  
time shift:      2.8300
half duration:   3.3000
latitude:       14.5600
longitude:     -91.5000
depth:          90.4700
Mrr:      -1.100000e+25
Mtt:       1.340000e+25
Mpp:      -2.390000e+24
Mrt:       1.990000e+25
Mrp:      -1.900000e+25
Mtp:      -1.310000e+25
