PDE 2008 11 19  6 11 20.80   8.2700  -82.9700  32.0 5.9 6.2 PANAMA-COSTA RICA BORDER                
event name:     200811190611A  
time shift:      4.8400
half duration:   3.3000
latitude:        8.2300
longitude:     -82.7700
depth:          42.1100
Mrr:      -8.140000e+24
Mtt:       1.290000e+25
Mpp:      -4.790000e+24
Mrt:       9.210000e+24
Mrp:      -1.220000e+25
Mtp:       2.340000e+25
