PDE 2012  4 15  5 57 40.10   2.5800   90.2700  25.0 6.1 6.2 OFF W COAST OF NORTHERN                 
event name:     201204150557A  
time shift:      2.4700
half duration:   3.3000
latitude:        2.4900
longitude:      90.3100
depth:          33.0000
Mrr:      -6.000000e+23
Mtt:      -1.450000e+25
Mpp:       1.510000e+25
Mrt:      -1.440000e+25
Mrp:      -4.750000e+24
Mtp:      -2.320000e+25
