PDE 2008  5  2  1 33 37.20  51.8600 -177.5300  14.0 6.3 6.8 ANDREANOF ISLANDS, ALEUT                
event name:     200805020133A  
time shift:      2.4000
half duration:   4.8000
latitude:       51.9600
longitude:    -177.5400
depth:          12.0000
Mrr:      -2.860000e+24
Mtt:       3.360000e+25
Mpp:      -3.070000e+25
Mrt:       1.340000e+25
Mrp:      -2.500000e+25
Mtp:      -8.700000e+25
