PDE 2008  2 25 21  2 18.40  -2.2400   99.8100  25.0 6.2 6.6 SOUTHERN SUMATRA, INDONE                
event name:     200802252102A  
time shift:      4.6000
half duration:   5.3000
latitude:       -2.4600
longitude:      99.7000
depth:          17.0000
Mrr:       3.780000e+25
Mtt:      -2.190000e+25
Mpp:      -1.590000e+25
Mrt:       1.170000e+26
Mrp:      -7.750000e+25
Mtp:       2.190000e+25
