PDE 2015  6  4 23 15 43.90   5.9900  116.5400  10.0 0.0 6.0 BORNEO                                  
event name:     201506042315A  
time shift:      2.7400
half duration:   2.4000
latitude:        6.1700
longitude:     116.6500
depth:          12.3400
Mrr:      -6.400000e+24
Mtt:      -7.570000e+23
Mpp:       7.160000e+24
Mrt:       7.680000e+24
Mrp:       5.910000e+24
Mtp:       2.740000e+24
