PDE 2014  2  3  3  8 46.20  38.2600   20.3900   5.0 0.0 6.0 GREECE                                  
event name:     201402030308A  
time shift:      2.2100
half duration:   2.5000
latitude:       38.0700
longitude:      20.3700
depth:          12.0000
Mrr:       7.510000e+24
Mtt:       2.990000e+24
Mpp:      -1.050000e+25
Mrt:       3.010000e+24
Mrp:      -2.440000e+24
Mtp:       1.050000e+25
