PDE 2008  7 13 14 58 32.30  21.0100  121.1400  10.0 5.6 6.3 TAIWAN REGION                           
event name:     200807131458A  
time shift:      4.6100
half duration:   3.0000
latitude:       21.0400
longitude:     121.0500
depth:          14.9100
Mrr:       2.940000e+24
Mtt:       7.870000e+24
Mpp:      -1.080000e+25
Mrt:      -5.090000e+24
Mrp:       3.520000e+24
Mtp:      -2.130000e+25
