 PDEW2014  4 25  2 56 31.60  35.4800   21.6800   6.7 0.0 4.7 CENTRAL MEDITERRANEAN SE                
event name:     201404250256A  
time shift:      5.2000
half duration:   0.7000
latitude:       35.4200
longitude:      21.4900
depth:          24.2100
Mrr:      -6.310000e+22
Mtt:       7.440000e+22
Mpp:      -1.130000e+22
Mrt:      -3.070000e+22
Mrp:       1.850000e+22
Mtp:      -2.380000e+23

