PDE 2010 11 23  9  1  6.90  -5.9600  148.9700  68.0 6.0 6.1 NEW BRITAIN REGION, P.N.                
event name:     201011230901A  
time shift:      3.7100
half duration:   2.6000
latitude:       -6.1200
longitude:     149.1200
depth:          79.5400
Mrr:       1.310000e+25
Mtt:       6.630000e+22
Mpp:      -1.310000e+25
Mrt:       1.820000e+24
Mrp:      -3.230000e+24
Mtp:      -7.770000e+24
