PDE 2009  1 19  3 46 37.50 -22.4800  170.8100  35.0 5.3 6.0 SOUTHEAST OF LOYALTY ISL                
event name:     200901190346A  
time shift:      3.5300
half duration:   2.4000
latitude:      -22.6900
longitude:     170.7100
depth:          24.9300
Mrr:       1.010000e+25
Mtt:      -9.640000e+24
Mpp:      -4.560000e+23
Mrt:       6.960000e+24
Mrp:      -1.050000e+24
Mtp:       3.630000e+24
