PDE 2012  8 15 17 49  4.60  38.4100   46.6700   4.0 5.3 5.1 ARMENIA-AZERBAIJAN-IRAN                 
event name:     201208151749A  
time shift:      4.2000
half duration:   0.8000
latitude:       38.3900
longitude:      46.7100
depth:          13.2000
Mrr:       2.890000e+23
Mtt:      -3.400000e+22
Mpp:      -2.550000e+23
Mrt:      -2.600000e+21
Mrp:       6.990000e+22
Mtp:      -3.770000e+23
