PDE 2015  9 10 10 26 47.50  52.1600 -169.5800  37.8 0.0 5.9 FOX ISLANDS, ALEUTIAN IS                
event name:     201509101026A  
time shift:      1.1500
half duration:   2.3000
latitude:       51.9500
longitude:    -169.4900
depth:          12.8600
Mrr:       7.210000e+24
Mtt:      -5.860000e+24
Mpp:      -1.350000e+24
Mrt:       7.180001e+24
Mrp:       3.390000e+24
Mtp:      -3.530000e+24
