PDE 2008  7 23 15 26 20.00  39.8000  141.4600 108.0 6.6 6.8 EASTERN HONSHU, JAPAN                   
event name:     200807231526A  
time shift:      4.0600
half duration:   6.1000
latitude:       39.7300
longitude:     141.5100
depth:          98.8200
Mrr:      -1.350000e+26
Mtt:       4.930000e+25
Mpp:       8.570001e+25
Mrt:      -1.760000e+25
Mrp:       1.570000e+26
Mtp:       1.260000e+25
