PDE 2008  2 14 10  9 22.70  36.5000   21.6700  29.0 6.2 6.9 SOUTHERN GREECE                         
event name:     200802141009A  
time shift:      6.2900
half duration:   7.6000
latitude:       36.2400
longitude:      21.7900
depth:          20.0000
Mrr:       4.400000e+25
Mtt:      -2.090000e+25
Mpp:      -2.310000e+25
Mrt:       1.990000e+26
Mrp:      -1.200000e+26
Mtp:       2.610000e+25
