PDE 2009  2 11 17 34 50.80   3.8800  126.4000  22.0 6.6 7.2 TALAUD ISLANDS, INDONESI                
event name:     200902111734A  
time shift:     10.4400
half duration:   8.8000
latitude:        3.9200
longitude:     126.8100
depth:          23.8500
Mrr:       5.760000e+26
Mtt:      -1.790000e+25
Mpp:      -5.580000e+26
Mrt:       5.260000e+25
Mrp:       1.500000e+26
Mtp:      -1.140000e+25
