 PDEW2007  9  5  5  8 15.60  41.3500   19.4700   9.0 4.5 4.8 ALBANIA                                 
event name:     200709050508A  
time shift:      7.7800
half duration:   0.7000
latitude:       41.3700
longitude:      19.3300
depth:          23.4000
Mrr:       1.940000e+23
Mtt:       4.040000e+21
Mpp:      -1.980000e+23
Mrt:       1.150000e+23
Mrp:      -1.270000e+23
Mtp:       6.650000e+22

