PDE 2013  1 30 20 15 43.30 -28.0900  -70.6500  45.0 6.5 6.8 CENTRAL CHILE                           
event name:     201301302015A  
time shift:      7.5300
half duration:   6.0000
latitude:      -28.0900
longitude:     -71.1800
depth:          45.8400
Mrr:       1.350000e+26
Mtt:       6.470000e+24
Mpp:      -1.420000e+26
Mrt:       2.330000e+25
Mrp:      -1.090000e+26
Mtp:      -3.940000e+25
