 PDEW2010  4 24 15  1 12.60  34.4500   26.0100  34.5 5.3 4.9 CRETE, GREECE                           
event name:     201004241501A  
time shift:     -0.7800
half duration:   1.2000
latitude:       34.1500
longitude:      26.0300
depth:          19.5900
Mrr:       1.130000e+24
Mtt:      -1.330000e+24
Mpp:       2.000000e+23
Mrt:       5.590000e+23
Mrp:       1.130000e+23
Mtp:       1.400000e+22

