PDE 2010  5 26  8 53  8.00  25.7700  129.9400  10.0 6.2 6.5 SOUTHEAST OF RYUKYU ISLA                
event name:     201005260853A  
time shift:      6.9400
half duration:   4.0000
latitude:       25.8000
longitude:     130.0100
depth:          12.0000
Mrr:      -3.070000e+25
Mtt:       8.500000e+24
Mpp:       2.220000e+25
Mrt:      -2.160000e+24
Mrp:       3.790000e+24
Mtp:       5.520000e+25
