PDE 2011  9  2 13 47  9.60 -28.4000  -63.0700 577.8 6.4 6.7 SANTIAGO DEL ESTERO PROV                
event name:     201109021347A  
time shift:      4.9200
half duration:   5.4000
latitude:      -28.5600
longitude:     -63.0800
depth:         597.2700
Mrr:      -1.080000e+26
Mtt:       7.370000e+25
Mpp:       3.420000e+25
Mrt:      -2.470000e+25
Mrp:       1.060000e+26
Mtp:       3.360000e+25
