PDE 2012  5 29 10 55 57.00  44.8800   10.9900  13.3 5.6 5.5 NORTHERN ITALY                          
event name:     201205291055A  
time shift:      1.7600
half duration:   1.3000
latitude:       44.9000
longitude:      11.0200
depth:          12.0000
Mrr:       1.900000e+24
Mtt:      -1.780000e+24
Mpp:      -1.150000e+23
Mrt:      -4.390000e+23
Mrp:       7.020000e+23
Mtp:       4.240000e+23
