 PDEW2009  5 24 19 37  5.50  41.2700   22.7300   2.2 4.9 4.8 NORTHWESTERN BALKAN REGI                
event name:     200905241937A  
time shift:      1.2300
half duration:   0.6000
latitude:       41.1600
longitude:      22.8700
depth:          16.9900
Mrr:      -1.730000e+23
Mtt:       1.790000e+23
Mpp:      -6.210000e+21
Mrt:       1.930000e+22
Mrp:      -9.010000e+22
Mtp:      -3.090000e+22

