PDE 2010 11  3 18 13 11.10  40.0400   13.2400 467.4 4.9 5.3 TYRRHENIAN SEA                          
event name:     201011031813A  
time shift:      2.7700
half duration:   1.0000
latitude:       39.9500
longitude:      12.8900
depth:         491.7500
Mrr:      -4.070000e+23
Mtt:       1.990000e+23
Mpp:       2.090000e+23
Mrt:       2.610000e+23
Mrp:      -6.410000e+23
Mtp:      -2.470000e+23
