PDE 2012  3 20 17 56 18.80  -3.8100  140.2700  66.0 6.2 6.2 IRIAN JAYA, INDONESIA                   
event name:     201203201756A  
time shift:      3.2000
half duration:   3.3000
latitude:       -3.9200
longitude:     140.3100
depth:          59.1600
Mrr:      -1.300000e+25
Mtt:       6.280000e+24
Mpp:       6.760001e+24
Mrt:      -1.890000e+25
Mrp:       1.940000e+25
Mtp:      -7.100000e+24
