 PDEW2013 12 29 17  8 43.00  41.3700   14.4400  10.5 0.0 5.3 SOUTHERN ITALY                          
event name:     201312291708A  
time shift:      3.8500
half duration:   0.9000
latitude:       41.3300
longitude:      14.5100
depth:          12.5200
Mrr:      -5.690000e+23
Mtt:       3.310000e+23
Mpp:       2.380000e+23
Mrt:      -1.740000e+23
Mrp:      -4.200000e+23
Mtp:      -3.150000e+23

