PDE 2015  8 24  9 41 26.30 -30.8800 -178.3200 220.8 0.0 5.7 KERMADEC ISLANDS, NEW ZE                
event name:     201508240941A  
time shift:      4.4600
half duration:   2.5000
latitude:      -30.3500
longitude:    -178.8700
depth:         243.7300
Mrr:      -3.720000e+24
Mtt:      -4.410000e+24
Mpp:       8.130000e+24
Mrt:      -1.060000e+25
Mrp:       5.420000e+24
Mtp:       3.760000e+24
