PDE 2012  9  8 10 51 44.20  -3.1800  135.1100  21.0 6.2 6.1 IRIAN JAYA REGION, INDON                
event name:     201209081051A  
time shift:      3.9300
half duration:   2.9000
latitude:       -3.2200
longitude:     134.9900
depth:          25.2300
Mrr:       7.230000e+24
Mtt:      -1.330000e+25
Mpp:       6.040000e+24
Mrt:      -4.990000e+24
Mrp:      -1.660000e+25
Mtp:      -3.440000e+24
