PDE 2011  4 18 13  3  2.70 -34.3400  179.8700  86.0 6.2 6.6 SOUTH OF KERMADEC ISLAND                
event name:     201104181303A  
time shift:      4.3300
half duration:   4.5000
latitude:      -34.4000
longitude:    -179.8300
depth:          99.8800
Mrr:      -3.040000e+25
Mtt:      -1.310000e+25
Mpp:       4.350000e+25
Mrt:       2.050000e+25
Mrp:       6.560000e+25
Mtp:       9.850000e+24
