PDE 2011  6  1 12 55 22.40 -37.5800  -73.6900  21.0 5.6 6.3 NEAR COAST OF CENTRAL CH                
event name:     201106011255A  
time shift:      2.9800
half duration:   3.6000
latitude:      -37.7400
longitude:     -74.4100
depth:          12.0000
Mrr:       2.250000e+25
Mtt:       1.630000e+23
Mpp:      -2.270000e+25
Mrt:      -1.940000e+24
Mrp:      -3.400000e+25
Mtp:      -7.460000e+23
