PDEW 2013  2 17  3 12 56.20  37.3300   20.7400   3.6 4.9 4.9 IONIAN SEA                              
event name:     201302170312A  
time shift:      2.6300
half duration:   0.9000
latitude:       37.2100
longitude:      20.6000
depth:          20.3400
Mrr:       3.340000e+23
Mtt:      -3.000000e+23
Mpp:      -3.370000e+22
Mrt:       2.810000e+23
Mrp:      -1.830000e+23
Mtp:       3.300000e+23

