 PDEW2007  8 31 20 52 43.40  36.6500   26.2700  25.1 4.9 5.4 DODECANESE ISLANDS, GREE                
event name:     200708312052A  
time shift:      1.6900
half duration:   0.9000
latitude:       36.5900
longitude:      26.3200
depth:          15.7400
Mrr:      -5.680000e+23
Mtt:       4.700000e+23
Mpp:       9.860000e+22
Mrt:       4.040000e+23
Mrp:       2.300000e+23
Mtp:       1.940000e+23

