PDE 2009  4 25 17 18 48.60  45.6500   26.6100 100.7 5.3 5.2 ROMANIA                                 
event name:     200904251718A  
time shift:      2.1700
half duration:   1.0000
latitude:       45.5900
longitude:      26.7100
depth:         106.5600
Mrr:       9.110000e+23
Mtt:      -5.980000e+23
Mpp:      -3.120000e+23
Mrt:       9.110001e+22
Mrp:      -1.440000e+23
Mtp:      -2.690000e+23
