PDE 2011  6 23  7 34 42.70  38.5800   39.6400   6.1 5.2 5.4 TURKEY                                  
event name:     201106230734A  
time shift:      3.2800
half duration:   1.2000
latitude:       38.5300
longitude:      39.5700
depth:          18.7400
Mrr:       1.390000e+23
Mtt:      -8.580000e+23
Mpp:       7.190000e+23
Mrt:       2.350000e+23
Mrp:      -1.500000e+23
Mtp:       1.110000e+24
