PDE 2013 10  1 19 41 31.90  55.7900  -34.7600   7.2 0.0 5.3 REYKJANES RIDGE                         
event name:     201310011941A  
time shift:      2.5200
half duration:   1.1000
latitude:       55.8400
longitude:     -34.7900
depth:          12.0000
Mrr:      -2.480000e+23
Mtt:      -5.020000e+23
Mpp:       7.500000e+23
Mrt:      -1.640000e+23
Mrp:      -2.640000e+22
Mtp:       1.010000e+24
