 PDEW2014  8 21 20 37 18.50  35.6500   27.6900   0.9 0.0 4.4 DODECANESE ISLANDS, GREE                
event name:     201408212037A  
time shift:      1.7300
half duration:   0.6000
latitude:       35.5300
longitude:      27.6200
depth:          12.3500
Mrr:       1.450000e+22
Mtt:      -1.060000e+23
Mpp:       9.150000e+22
Mrt:       6.280000e+22
Mrp:      -6.180000e+22
Mtp:       7.030000e+22

