PDE 2011  3 11  6 25 50.00  38.1100  144.5500  19.7 7.1 7.1 OFF EAST COAST OF HONSHU                
event name:     201103110625A  
time shift:     22.5700
half duration:  15.5000
latitude:       38.2700
longitude:     144.6300
depth:          21.1000
Mrr:      -3.030000e+27
Mtt:       3.080000e+25
Mpp:       3.000000e+27
Mrt:      -4.110000e+26
Mrp:      -3.380000e+26
Mtp:       4.670000e+26
