PDE 2010  4  7 14 33  3.50  -3.7700  141.9300  33.9 6.0 6.0 NEW GUINEA, PAPUA NEW GU                
event name:     201004071433A  
time shift:      3.4700
half duration:   2.4000
latitude:       -3.6700
longitude:     141.9500
depth:          26.8200
Mrr:      -1.780000e+24
Mtt:      -7.470000e+24
Mpp:       9.250000e+24
Mrt:       6.170000e+24
Mrp:      -3.620000e+24
Mtp:       4.080000e+24
