PDE 2009  4  6 23 15 37.00  42.4500   13.3600   8.6 4.9 5.1 CENTRAL ITALY                           
event name:     200904062315A  
time shift:      5.2700
half duration:   0.8000
latitude:       42.4700
longitude:      13.2700
depth:          12.0000
Mrr:      -4.810000e+23
Mtt:       1.120000e+23
Mpp:       3.700000e+23
Mrt:      -1.660000e+23
Mrp:       2.070000e+22
Mtp:      -2.370000e+23
