PDE 2012  6  7 16  3 18.90 -15.8800  -72.4100 110.0 6.1 6.1 SOUTHERN PERU                           
event name:     201206071603A  
time shift:      2.1700
half duration:   2.9000
latitude:      -15.9800
longitude:     -72.7000
depth:         119.9500
Mrr:       1.950000e+24
Mtt:      -1.350000e+25
Mpp:       1.160000e+25
Mrt:      -2.440000e+24
Mrp:      -1.210000e+25
Mtp:      -1.270000e+25
