PDE 2012  8 27  4 37 19.40  12.1400  -88.5900  28.0 6.0 7.4 OFF COAST OF CENTRAL AME                
event name:     201208270437A  
time shift:     20.1000
half duration:  11.3000
latitude:       12.0200
longitude:     -89.1700
depth:          12.0000
Mrr:       6.250000e+26
Mtt:      -5.340000e+26
Mpp:      -9.200000e+25
Mrt:       9.820000e+26
Mrp:      -5.170000e+26
Mtp:       1.800000e+26
