PDE 2010  8 10  5 23 45.00 -17.5400  168.0700  25.0 6.4 7.3 VANUATU ISLANDS                         
event name:     201008100523A  
time shift:      8.8800
half duration:  10.5000
latitude:      -17.5700
longitude:     167.8100
depth:          31.8800
Mrr:       7.370000e+26
Mtt:      -7.660000e+25
Mpp:      -6.610000e+26
Mrt:       5.290000e+26
Mrp:      -2.870000e+26
Mtp:       4.150000e+26
