 PDEW2011 11  6 20 56 49.50  35.8000   25.6600  30.0 5.0 4.9 CRETE, GREECE                           
event name:     201111062056A  
time shift:      3.0100
half duration:   0.6000
latitude:       35.7500
longitude:      25.6400
depth:          22.5600
Mrr:      -1.860000e+23
Mtt:       2.220000e+22
Mpp:       1.640000e+23
Mrt:       2.280000e+22
Mrp:      -3.780000e+22
Mtp:       1.640000e+22

