PDE 2010  5 14 12 29 22.30  35.9000    4.1200   2.0 5.2 5.2 NORTHERN ALGERIA                        
event name:     201005141229A  
time shift:      3.1900
half duration:   1.1000
latitude:       35.9000
longitude:       4.1400
depth:          12.0000
Mrr:       1.330000e+23
Mtt:       2.230000e+23
Mpp:      -3.570000e+23
Mrt:       2.750000e+23
Mrp:      -5.070000e+22
Mtp:      -1.230000e+24
