PDE 2012  6 19 15 56 32.50  53.3500  171.6200  14.0 6.2 6.1 NEAR ISLANDS, ALEUTIAN I                
event name:     201206191556A  
time shift:      3.4100
half duration:   2.5000
latitude:       53.3000
longitude:     171.4900
depth:          22.1100
Mrr:      -1.660000e+24
Mtt:      -1.020000e+25
Mpp:       1.190000e+25
Mrt:       3.230000e+22
Mrp:      -9.410000e+23
Mtp:      -7.760000e+24
