PDE 2008  5 31  4 37 56.20 -41.2200   80.5100  10.0 6.0 6.4 MID-INDIAN RIDGE                        
event name:     200805310437A  
time shift:      5.2400
half duration:   3.9000
latitude:      -41.3500
longitude:      80.4100
depth:          12.0000
Mrr:      -6.040000e+23
Mtt:       4.990000e+25
Mpp:      -4.930000e+25
Mrt:       6.950000e+24
Mrp:      -3.300000e+22
Mtp:      -6.910000e+24
