PDE 2013  5 23 21  7 46.50 -20.5800 -175.7600 150.0 5.7 6.3 TONGA ISLANDS                           
event name:     201305232107A  
time shift:      4.4900
half duration:   3.4000
latitude:      -20.6700
longitude:    -175.2900
depth:         160.4300
Mrr:      -4.070000e+24
Mtt:       6.850000e+24
Mpp:      -2.780000e+24
Mrt:      -8.080000e+24
Mrp:      -2.990000e+25
Mtp:       8.590000e+24
