PDE 2012  5 23 22 59 52.70 -50.4200  139.5200  10.0 5.5 6.0 WESTERN INDIAN-ANTARCTIC                
event name:     201205232259A  
time shift:      2.8800
half duration:   2.5000
latitude:      -50.4800
longitude:     139.4200
depth:          12.0000
Mrr:      -5.990000e+23
Mtt:       9.750000e+23
Mpp:      -3.760000e+23
Mrt:       5.490000e+23
Mrp:      -2.650000e+23
Mtp:      -1.290000e+25
