 PDEW2014  2 14  3 38 36.10  38.1900   20.4000  10.0 0.0 4.7 GREECE                                  
event name:     201402140338A  
time shift:     -0.7800
half duration:   0.6000
latitude:       38.0100
longitude:      20.3300
depth:          20.9700
Mrr:       7.430000e+22
Mtt:       9.570000e+22
Mpp:      -1.700000e+23
Mrt:      -1.170000e+22
Mrp:       4.940000e+22
Mtp:       1.680000e+23

