PDE 2011  3 12 13 15 41.70  37.2500  141.1600  38.0 6.1 6.2 NEAR EAST COAST OF HONSH                
event name:     201103121315A  
time shift:      3.1500
half duration:   3.0000
latitude:       37.2300
longitude:     141.5300
depth:          45.5000
Mrr:       1.670000e+25
Mtt:      -3.380000e+24
Mpp:      -1.340000e+25
Mrt:       9.320000e+24
Mrp:       1.220000e+25
Mtp:      -6.510000e+24
