 PDEW2014  5 22  5 22  2.70  35.7800    0.2400  10.0 0.0 4.8 NORTHERN ALGERIA                        
event name:     201405220522B  
time shift:      1.1800
half duration:   0.7000
latitude:       35.7700
longitude:       0.3600
depth:          12.0000
Mrr:       2.980000e+23
Mtt:      -2.170000e+23
Mpp:      -8.090000e+22
Mrt:      -1.390000e+23
Mrp:       5.830000e+22
Mtp:      -1.120000e+23

