PDEW 2012 11 28 23 15 29.80  36.9400    5.3100  10.0 5.0 0.0 NORTHERN ALGERIA                        
event name:     201211282315A  
time shift:     -0.5400
half duration:   0.7000
latitude:       36.7100
longitude:       5.1000
depth:          12.0000
Mrr:       6.450000e+22
Mtt:      -3.060000e+23
Mpp:       2.420000e+23
Mrt:      -1.610000e+23
Mrp:       2.600000e+22
Mtp:       1.650000e+23

