PDE 2008  1  9 14 40  1.00  51.6500 -131.1800  10.0 5.5 6.1 QUEEN CHARLOTTE ISLANDS                 
event name:     200801091440A  
time shift:      3.0600
half duration:   2.5000
latitude:       51.5200
longitude:    -131.4900
depth:          12.1300
Mrr:      -4.060000e+23
Mtt:      -2.570000e+24
Mpp:       2.980000e+24
Mrt:       2.550000e+24
Mrp:      -6.190000e+23
Mtp:       1.230000e+25
