PDE 2011  3 25 11 36 24.50  38.7700  141.8800  39.0 6.2 6.2 NEAR EAST COAST OF HONSH                
event name:     201103251136A  
time shift:      2.9600
half duration:   3.1000
latitude:       38.7800
longitude:     142.1700
depth:          45.9100
Mrr:       1.880000e+25
Mtt:      -4.350000e+23
Mpp:      -1.830000e+25
Mrt:       8.160000e+24
Mrp:       1.600000e+25
Mtp:      -4.880000e+24
