PDEW 2013  2 16 21 16  9.00  41.7100   13.5800  10.7 4.8 4.8 SOUTHERN ITALY                          
event name:     201302162116A  
time shift:      4.2800
half duration:   0.7000
latitude:       41.7000
longitude:      13.5100
depth:          21.5000
Mrr:      -3.130000e+23
Mtt:       5.420000e+22
Mpp:       2.590000e+23
Mrt:       8.730000e+22
Mrp:       2.990000e+22
Mtp:      -1.500000e+23

