PDE 2015  2 22 14 23 12.70  18.6800 -106.8500   5.0 0.0 6.2 OFF COAST OF JALISCO, ME                
event name:     201502221423A  
time shift:      3.9300
half duration:   3.2000
latitude:       18.8200
longitude:    -106.8500
depth:          14.8800
Mrr:      -2.120000e+24
Mtt:      -1.440000e+25
Mpp:       1.650000e+25
Mrt:       1.160000e+23
Mrp:       5.070000e+23
Mtp:      -2.420000e+25
