PDE 2012  5 18  2  0 39.50 -44.8100  -80.1600  10.0 5.5 6.3 OFF COAST OF SOUTHERN CH                
event name:     201205180200A  
time shift:      7.6000
half duration:   3.6000
latitude:      -44.9000
longitude:     -80.5100
depth:          20.6000
Mrr:      -2.590000e+24
Mtt:       1.600000e+25
Mpp:      -1.340000e+25
Mrt:       4.440000e+24
Mrp:      -1.040000e+24
Mtp:      -3.850000e+25
