PDE 2013 10 31 23  3 59.30 -30.3000  -71.5600  29.0 0.0 6.6 NEAR COAST OF CENTRAL CH                
event name:     201310312303A  
time shift:      7.9000
half duration:   4.3000
latitude:      -30.4600
longitude:     -71.8600
depth:          35.8400
Mrr:       5.520000e+25
Mtt:       2.260000e+24
Mpp:      -5.750000e+25
Mrt:       5.540000e+24
Mrp:      -3.750000e+25
Mtp:       1.940000e+23
