PDE 2010  8 20 17 56 14.10  -6.5700  154.2500  19.0 5.5 6.1 SOLOMON ISLANDS                         
event name:     201008201756A  
time shift:      7.3500
half duration:   2.8000
latitude:       -6.8400
longitude:     154.2300
depth:          12.9100
Mrr:       1.480000e+25
Mtt:      -7.540000e+24
Mpp:      -7.270001e+24
Mrt:       9.210000e+24
Mrp:      -5.550000e+24
Mtp:       7.720000e+24
