PDE 2014 11 22 13  8 18.50  36.6400  137.9100  10.0 0.0 6.2 EASTERN HONSHU, JAPAN                   
event name:     201411221308A  
time shift:      5.3100
half duration:   3.2000
latitude:       36.7400
longitude:     137.9300
depth:          12.0000
Mrr:       2.080000e+25
Mtt:      -7.260000e+24
Mpp:      -1.350000e+25
Mrt:      -8.160000e+24
Mrp:       4.600000e+24
Mtp:      -2.210000e+25
