PDE 2009 11  8 19 41 43.40  -8.2100  118.6300  18.0 6.3 6.6 SUMBAWA REGION, INDONESI                
event name:     200911081941A  
time shift:      7.3200
half duration:   5.0000
latitude:       -8.2300
longitude:     118.7200
depth:          21.3400
Mrr:       7.690000e+25
Mtt:      -8.200000e+25
Mpp:       5.110000e+24
Mrt:      -6.500000e+25
Mrp:      -2.860000e+25
Mtp:      -1.650000e+25
