PDE 2015  3  3 10 37 30.00  -0.7800   98.7200  28.0 0.0 6.1 SOUTHERN SUMATRA, INDONE                
event name:     201503031037A  
time shift:      5.6700
half duration:   3.4000
latitude:       -0.7200
longitude:      98.5800
depth:          23.6000
Mrr:       1.380000e+25
Mtt:      -7.390000e+24
Mpp:      -6.410000e+24
Mrt:       1.470000e+25
Mrp:      -1.230000e+25
Mtp:       7.070000e+24
