PDE 2008  2 21  2 46 17.90  77.0800   18.5700  10.0 5.7 6.1 SVALBARD REGION                         
event name:     200802210246A  
time shift:      4.0300
half duration:   2.6000
latitude:       77.0200
longitude:      19.2800
depth:          12.7700
Mrr:      -6.870000e+24
Mtt:       1.620000e+25
Mpp:      -9.370000e+24
Mrt:      -4.240000e+24
Mrp:      -6.060000e+24
Mtp:       3.180000e+23
