PDE 2010  3  5 11 47  6.80 -36.6700  -73.3700  18.0 6.1 6.7 NEAR COAST OF CENTRAL CH                
event name:     201003051147A  
time shift:      7.2600
half duration:   4.9000
latitude:      -36.8900
longitude:     -73.7500
depth:          14.9300
Mrr:       5.180000e+25
Mtt:       9.300000e+23
Mpp:      -5.280000e+25
Mrt:       3.610000e+23
Mrp:      -8.600000e+25
Mtp:      -4.150000e+24
