PDE 2008 10  6  8 30 45.60  29.8100   90.3500  12.0 6.0 6.3 XIZANG                                  
event name:     200810060830A  
time shift:      6.7500
half duration:   3.5000
latitude:       29.6600
longitude:      90.5000
depth:          12.0000
Mrr:      -2.760000e+25
Mtt:      -6.500000e+24
Mpp:       3.410000e+25
Mrt:      -6.830000e+24
Mrp:       5.910000e+24
Mtp:       1.830000e+25
