 PDEW2013  8  9 11 49 23.90  38.7000   22.6900   0.0 0.0 4.8 GREECE                                  
event name:     201308091149B  
time shift:     -0.9800
half duration:   0.7000
latitude:       38.4100
longitude:      22.7100
depth:          22.1300
Mrr:      -3.020000e+23
Mtt:       2.590000e+23
Mpp:       4.340000e+22
Mrt:      -1.570000e+23
Mrp:      -9.670000e+22
Mtp:       1.460000e+22

