PDE 2009 11 24 12 47 15.70 -20.7100 -174.0400  18.0 6.4 6.8 TONGA ISLANDS                           
event name:     200911241247A  
time shift:      6.2400
half duration:   5.8000
latitude:      -20.8500
longitude:    -173.5500
depth:          25.9100
Mrr:      -6.850000e+24
Mtt:       4.390000e+25
Mpp:      -3.710000e+25
Mrt:       1.450000e+25
Mrp:       1.110000e+26
Mtp:       1.140000e+26
