PDE 2008 12  9 17 28 58.60 -15.9300  168.1700 224.1 5.5 6.0 VANUATU ISLANDS                         
event name:     200812091728A  
time shift:      3.3200
half duration:   2.6000
latitude:      -15.9800
longitude:     168.0400
depth:         236.7100
Mrr:       5.600000e+24
Mtt:      -8.020000e+24
Mpp:       2.420000e+24
Mrt:      -1.010000e+25
Mrp:      -4.580000e+24
Mtp:       6.000000e+24
