PDE 2013 12  8 17 24 54.20  44.4400  149.1700  28.0 0.0 6.0 KURIL ISLANDS                           
event name:     201312081724A  
time shift:      3.6700
half duration:   2.8000
latitude:       44.5300
longitude:     149.2400
depth:          27.6300
Mrr:       3.330000e+24
Mtt:      -5.830000e+23
Mpp:      -2.750000e+24
Mrt:       1.550000e+25
Mrp:       4.450000e+24
Mtp:      -8.210000e+24
