PDE 2012  5 24 22 47 46.80  72.9600    5.7100  10.0 5.7 6.2 NORWEGIAN SEA                           
event name:     201205242247A  
time shift:      3.0400
half duration:   3.3000
latitude:       73.0100
longitude:       5.5900
depth:          12.0000
Mrr:      -2.890000e+25
Mtt:       1.250000e+25
Mpp:       1.630000e+25
Mrt:      -2.560000e+24
Mrp:      -6.040000e+24
Mtp:       1.690000e+25
