PDE 2009  2 12 13 15  6.10   4.0400  126.5500  26.0 6.1 6.3 TALAUD ISLANDS, INDONESI                
event name:     200902121315A  
time shift:      5.0600
half duration:   3.2000
latitude:        4.0800
longitude:     126.7300
depth:          28.7900
Mrr:       2.170000e+25
Mtt:       3.650000e+24
Mpp:      -2.530000e+25
Mrt:       9.620000e+24
Mrp:       1.350000e+25
Mtp:       5.550000e+24
