PDE 2013  9  1 11 52 29.90  -7.4400  128.2200 112.0 0.0 6.5 BANDA SEA                               
event name:     201309011152A  
time shift:      5.3200
half duration:   4.3000
latitude:       -7.6100
longitude:     128.2400
depth:         128.1500
Mrr:       4.480000e+25
Mtt:      -4.080000e+25
Mpp:      -3.950000e+24
Mrt:       4.330000e+25
Mrp:       1.390000e+25
Mtp:       2.650000e+25
