PDE 2009  1 15  7 27 20.30 -22.3500  170.6300  27.0 5.8 6.7 SOUTHEAST OF LOYALTY ISL                
event name:     200901150727A  
time shift:      7.4700
half duration:   4.8000
latitude:      -22.5800
longitude:     170.4600
depth:          27.1000
Mrr:       7.850000e+25
Mtt:      -6.400000e+25
Mpp:      -1.440000e+25
Mrt:       4.840000e+25
Mrp:      -1.780000e+25
Mtp:       3.740000e+25
