PDE 2010  2  7  6 10  0.20  23.4900  123.6100  21.0 6.1 6.3 SOUTHWESTERN RYUKYU ISL.                
event name:     201002070610A  
time shift:      3.9400
half duration:   3.6000
latitude:       23.3500
longitude:     123.6600
depth:          27.7000
Mrr:       7.430000e+24
Mtt:       2.970000e+25
Mpp:      -3.720000e+25
Mrt:       2.060000e+25
Mrp:       3.590000e+24
Mtp:      -6.160001e+24
