PDE 2011  8 10 23 45 43.00  -7.0400  -12.6200  10.0 5.5 6.0 ASCENSION ISLAND REGION                 
event name:     201108102345A  
time shift:      5.5500
half duration:   2.4000
latitude:       -6.8900
longitude:     -12.6000
depth:          18.4300
Mrr:      -9.040000e+23
Mtt:      -4.890000e+24
Mpp:       5.800000e+24
Mrt:      -1.030000e+24
Mrp:      -3.040000e+23
Mtp:       1.010000e+25
