PDE 2008 11 22 16  1  1.70  -4.3500  101.2600  24.0 5.9 6.4 SOUTHERN SUMATRA, INDONE                
event name:     200811221600A  
time shift:      5.0300
half duration:   4.3000
latitude:       -4.7300
longitude:     101.0700
depth:          20.0000
Mrr:       2.070000e+25
Mtt:      -1.060000e+25
Mpp:      -1.010000e+25
Mrt:       2.920000e+25
Mrp:      -1.410000e+25
Mtp:       1.320000e+25
