PDE 2012  8 19 22 41 49.80  -4.7700  144.5700  73.0 6.0 6.3 NEAR N COAST OF NEW GUIN                
event name:     201208192241A  
time shift:      5.4000
half duration:   3.3000
latitude:       -4.9200
longitude:     144.6000
depth:          80.5000
Mrr:       2.090000e+25
Mtt:      -2.100000e+25
Mpp:       1.100000e+23
Mrt:       2.000000e+25
Mrp:      -4.400000e+24
Mtp:       5.660000e+24
