 PDEW2007  6 29 18  9 11.20  39.2700   20.2600  10.0 5.4 5.4 GREECE-ALBANIA BORDER RE                
event name:     200706291809A  
time shift:      3.8200
half duration:   1.3000
latitude:       39.1900
longitude:      20.1100
depth:          12.0000
Mrr:       1.240000e+24
Mtt:      -1.730000e+23
Mpp:      -1.070000e+24
Mrt:       9.290000e+23
Mrp:      -5.070000e+23
Mtp:       7.150000e+23

