PDE 2011  3  9  2 45 20.30  38.4400  142.8400  32.0 6.4 7.3 NEAR EAST COAST OF HONSH                
event name:     201103090245A  
time shift:     11.7100
half duration:  11.3000
latitude:       38.5600
longitude:     142.7800
depth:          14.1400
Mrr:       4.890000e+26
Mtt:      -2.420000e+25
Mpp:      -4.650000e+26
Mrt:       4.180000e+26
Mrp:       1.050000e+27
Mtp:      -1.280000e+26
