PDE 2011 11 28 12 26 45.50  -5.4800  153.7200  25.0 5.9 6.2 NEW IRELAND REGION, P.N.                
event name:     201111281226A  
time shift:      4.9900
half duration:   2.8000
latitude:       -5.7700
longitude:     153.6200
depth:          33.1400
Mrr:       1.720000e+25
Mtt:      -1.180000e+25
Mpp:      -5.400000e+24
Mrt:       7.620000e+24
Mrp:      -1.640000e+24
Mtp:       9.610000e+24
